# Created by Octave 3.2.2, Sun Dec 27 14:06:08 2009 EST <matthewbot@Matt>
# name: samples
# type: matrix
# rows: 4267
# columns: 3
 -0.04 -0.17 -0.99
 -0.04 -0.17 -0.99
 -0.05 -0.17 -0.99
 -0.04 -0.17 -0.98
 -0.04 -0.17 -0.99
 -0.04 -0.18 -0.99
 -0.04 -0.18 -0.98
 -0.03 -0.17 -0.98
 -0.04 -0.17 -0.98
 -0.05 -0.17 -0.99
 -0.04 -0.17 -0.98
 -0.06 -0.17 -0.99
 -0.05 -0.17 -0.99
 -0.05 -0.17 -0.98
 -0.04 -0.18 -0.97
 -0.05 -0.17 -0.98
 -0.04 -0.17 -0.99
 -0.04 -0.17 -0.98
 -0.04 -0.17 -0.98
 -0.05 -0.17 -0.99
 -0.04 -0.17 -0.99
 -0.05 -0.18 -0.99
 -0.05 -0.17 -0.99
 -0.05 -0.17 -0.99
 -0.04 -0.17 -0.99
 -0.04 -0.17 -0.99
 -0.04 -0.17 -0.99
 -0.04 -0.17 -0.98
 -0.04 -0.16 -0.98
 -0.03 -0.17 -0.99
 -0.03 -0.17 -0.99
 -0.04 -0.16 -0.99
 -0.05 -0.17 -0.99
 -0.05 -0.17 -0.99
 -0.05 -0.18 -0.99
 -0.03 -0.18 -0.99
 -0.04 -0.17 -0.98
 -0.03 -0.17 -0.99
 -0.03 -0.17 -0.99
 -0.02 -0.17 -0.99
 -0.05 -0.17 -0.98
 -0.03 -0.16 -0.99
 -0.05 -0.17 -0.99
 -0.03 -0.17 -0.99
 -0.04 -0.18 -0.99
 -0.05 -0.17 -0.99
 -0.03 -0.18 -0.98
 -0.03 -0.18 -0.98
 -0.03 -0.18 -0.99
 -0.02 -0.18 -0.98
 -0.03 -0.18 -0.98
 -0.03 -0.17 -0.99
 -0.06 -0.17 -0.99
 -0.05 -0.16 -0.98
 -0.05 -0.17 -0.99
 -0.04 -0.16 -0.98
 -0.03 -0.17 -0.99
 -0.04 -0.17 -0.99
 -0.03 -0.18 -0.99
 -0.04 -0.18 -0.99
 -0.04 -0.18 -0.99
 -0.05 -0.17 -0.98
 -0.05 -0.17 -0.99
 -0.05 -0.17 -0.98
 -0.05 -0.17 -0.99
 -0.04 -0.17 -0.98
 -0.03 -0.17 -0.98
 -0.06 -0.17 -0.99
 -0.04 -0.17 -0.98
 -0.05 -0.17 -0.98
 -0.04 -0.17 -0.99
 -0.03 -0.17 -0.99
 -0.05 -0.17 -0.99
 -0.05 -0.18 -0.99
 -0.04 -0.17 -0.98
 -0.05 -0.18 -0.98
 -0.04 -0.17 -0.99
 -0.03 -0.18 -0.99
 -0.03 -0.17 -0.98
 -0.03 -0.17 -0.99
 -0.04 -0.17 -0.99
 -0.04 -0.17 -0.98
 -0.03 -0.17 -0.99
 -0.05 -0.17 -0.99
 -0.04 -0.18 -0.99
 -0.03 -0.18 -0.99
 -0.04 -0.17 -0.99
 -0.04 -0.18 -0.99
 -0.02 -0.17 -0.98
 -0.02 -0.17 -0.98
 -0.03 -0.17 -0.99
 -0.04 -0.17 -0.98
 -0.05 -0.17 -0.99
 -0.04 -0.17 -0.99
 -0.05 -0.16 -0.99
 -0.04 -0.17 -0.99
 -0.04 -0.17 -0.99
 -0.05 -0.17 -0.99
 -0.03 -0.17 -0.97
 -0.02 -0.17 -0.98
 -0.05 -0.17 -0.99
 -0.05 -0.18 -0.98
 -0.05 -0.17 -0.99
 -0.04 -0.17 -0.99
 -0.04 -0.17 -0.99
 -0.05 -0.17 -0.99
 -0.03 -0.17 -0.99
 -0.05 -0.17 -0.99
 -0.04 -0.18 -0.98
 -0.04 -0.17 -0.99
 -0.04 -0.18 -0.99
 -0.03 -0.18 -0.98
 -0.03 -0.18 -0.98
 -0.03 -0.17 -0.99
 -0.04 -0.17 -0.99
 -0.04 -0.17 -0.99
 -0.05 -0.17 -0.99
 -0.05 -0.17 -0.99
 -0.03 -0.17 -0.99
 -0.03 -0.18 -0.98
 -0.03 -0.17 -0.99
 -0.03 -0.17 -0.99
 -0.03 -0.17 -0.98
 -0.03 -0.17 -0.98
 -0.04 -0.17 -0.99
 -0.02 -0.17 -0.99
 -0.05 -0.17 -1
 -0.05 -0.17 -0.99
 -0.04 -0.17 -0.98
 -0.04 -0.17 -0.99
 -0.04 -0.17 -0.98
 -0.04 -0.17 -0.99
 -0.03 -0.17 -0.98
 -0.03 -0.17 -0.98
 -0.06 -0.17 -0.99
 -0.03 -0.17 -1
 -0.04 -0.17 -0.99
 -0.04 -0.17 -0.99
 -0.04 -0.17 -0.98
 -0.04 -0.17 -0.99
 -0.04 -0.17 -0.98
 -0.05 -0.17 -0.98
 -0.05 -0.18 -0.99
 -0.05 -0.17 -0.99
 -0.03 -0.18 -0.98
 -0.04 -0.17 -0.98
 -0.03 -0.17 -0.98
 -0.03 -0.17 -0.99
 -0.03 -0.17 -0.98
 -0.02 -0.18 -0.99
 -0.03 -0.18 -0.99
 -0.02 -0.17 -0.99
 -0.05 -0.17 -0.99
 -0.05 -0.16 -0.99
 -0.05 -0.17 -0.98
 -0.05 -0.17 -0.99
 -0.05 -0.16 -0.99
 -0.05 -0.17 -0.99
 -0.04 -0.17 -0.99
 -0.03 -0.18 -0.99
 -0.03 -0.17 -0.99
 -0.03 -0.18 -0.98
 -0.04 -0.18 -0.98
 -0.05 -0.17 -0.98
 -0.03 -0.17 -0.98
 -0.03 -0.17 -0.98
 -0.03 -0.18 -0.98
 -0.06 -0.18 -1
 -0.04 -0.17 -1
 -0.05 -0.17 -0.99
 -0.03 -0.17 -0.99
 -0.03 -0.17 -0.99
 -0.03 -0.17 -0.99
 -0.04 -0.17 -0.99
 -0.03 -0.17 -0.99
 -0.04 -0.17 -0.99
 -0.03 -0.17 -0.99
 -0.05 -0.16 -0.99
 -0.04 -0.17 -0.99
 -0.03 -0.17 -0.99
 -0.04 -0.17 -0.98
 -0.05 -0.17 -0.99
 -0.04 -0.17 -0.99
 -0.06 -0.17 -0.99
 -0.05 -0.17 -1
 -0.05 -0.17 -0.99
 -0.05 -0.17 -0.99
 -0.04 -0.17 -0.98
 -0.03 -0.17 -0.98
 -0.03 -0.17 -0.99
 -0.04 -0.17 -0.99
 -0.03 -0.17 -0.98
 -0.06 -0.17 -0.99
 -0.04 -0.17 -0.99
 -0.04 -0.17 -0.98
 -0.04 -0.17 -0.98
 -0.03 -0.18 -0.99
 -0.03 -0.17 -0.99
 -0.04 -0.17 -0.98
 -0.03 -0.17 -0.99
 -0.05 -0.17 -0.99
 -0.03 -0.17 -1
 -0.05 -0.17 -0.99
 -0.04 -0.17 -0.99
 -0.04 -0.17 -0.99
 -0.05 -0.17 -0.99
 -0.04 -0.17 -0.99
 -0.04 -0.17 -0.98
 -0.05 -0.17 -0.99
 -0.03 -0.17 -0.99
 -0.04 -0.17 -1
 -0.03 -0.18 -0.98
 -0.03 -0.17 -0.99
 -0.03 -0.17 -0.99
 -0.03 -0.17 -0.98
 -0.03 -0.18 -0.98
 -0.03 -0.17 -0.98
 -0.05 -0.18 -0.98
 -0.02 -0.18 -0.99
 -0.03 -0.18 -0.98
 -0.05 -0.17 -0.98
 -0.04 -0.18 -0.98
 -0.06 -0.17 -0.99
 -0.04 -0.17 -0.98
 -0.04 -0.17 -0.98
 -0.04 -0.17 -0.99
 -0.04 -0.17 -0.99
 -0.04 -0.18 -0.98
 -0.03 -0.17 -0.98
 -0.02 -0.18 -0.98
 -0.03 -0.17 -0.98
 -0.03 -0.17 -0.98
 -0.05 -0.17 -0.99
 -0.05 -0.17 -0.99
 -0.06 -0.18 -0.99
 -0.02 -0.18 -1
 -0.04 -0.18 -0.98
 -0.05 -0.17 -0.99
 -0.05 -0.17 -0.98
 -0.03 -0.18 -0.98
 -0.02 -0.17 -0.99
 -0.03 -0.17 -0.98
 -0.06 -0.17 -0.99
 -0.05 -0.17 -1
 -0.04 -0.17 -0.99
 -0.04 -0.17 -0.99
 -0.05 -0.17 -0.99
 -0.04 -0.17 -0.98
 -0.05 -0.17 -0.99
 -0.03 -0.17 -0.99
 -0.04 -0.17 -0.99
 -0.03 -0.17 -1
 -0.03 -0.17 -0.99
 -0.04 -0.17 -0.99
 -0.06 -0.17 -0.99
 -0.05 -0.17 -0.99
 -0.06 -0.17 -0.99
 -0.04 -0.17 -0.98
 -0.03 -0.17 -0.99
 -0.04 -0.17 -0.99
 -0.04 -0.17 -0.99
 -0.04 -0.17 -0.99
 -0.05 -0.16 -0.99
 -0.04 -0.17 -0.99
 -0.05 -0.17 -0.99
 -0.04 -0.17 -0.98
 -0.04 -0.17 -0.98
 -0.06 -0.17 -0.99
 -0.04 -0.17 -1
 -0.04 -0.17 -0.99
 -0.03 -0.17 -0.99
 -0.03 -0.17 -0.99
 -0.04 -0.17 -0.99
 -0.04 -0.17 -0.99
 -0.04 -0.17 -0.99
 -0.02 -0.17 -0.99
 -0.04 -0.17 -1
 -0.04 -0.17 -0.99
 -0.05 -0.17 -0.99
 -0.03 -0.17 -0.99
 -0.03 -0.17 -0.99
 -0.03 -0.17 -0.98
 -0.03 -0.17 -0.98
 -0.03 -0.17 -0.98
 -0.05 -0.18 -0.99
 -0.03 -0.18 -0.99
 -0.04 -0.17 -0.99
 -0.05 -0.17 -0.99
 -0.04 -0.17 -0.99
 -0.03 -0.17 -1
 -0.04 -0.17 -0.98
 -0.03 -0.17 -0.98
 -0.07000000000000001 -0.17 -0.99
 -0.04 -0.17 -1
 -0.04 -0.18 -0.99
 -0.04 -0.17 -0.99
 -0.03 -0.17 -0.99
 -0.04 -0.17 -0.98
 -0.05 -0.17 -0.99
 -0.04 -0.17 -0.99
 -0.02 -0.17 -0.99
 -0.03 -0.17 -0.98
 -0.03 -0.18 -0.98
 -0.03 -0.17 -0.98
 -0.04 -0.17 -0.98
 -0.03 -0.17 -0.99
 -0.04 -0.17 -0.99
 -0.03 -0.18 -0.98
 -0.03 -0.17 -0.99
 -0.05 -0.17 -0.99
 -0.04 -0.17 -0.99
 -0.05 -0.17 -0.99
 -0.05 -0.17 -0.99
 -0.03 -0.17 -0.99
 -0.03 -0.17 -0.98
 -0.04 -0.17 -0.99
 -0.04 -0.18 -0.98
 -0.05 -0.18 -0.99
 -0.04 -0.17 -0.99
 -0.05 -0.17 -0.99
 -0.03 -0.17 -0.99
 -0.05 -0.17 -0.98
 -0.04 -0.17 -0.99
 -0.04 -0.17 -0.99
 -0.04 -0.17 -0.99
 -0.04 -0.17 -1
 -0.03 -0.17 -1
 -0.03 -0.17 -0.99
 -0.03 -0.17 -0.99
 -0.02 -0.18 -0.99
 -0.03 -0.17 -0.99
 -0.04 -0.17 -0.98
 -0.05 -0.17 -0.99
 -0.04 -0.17 -0.99
 -0.05 -0.17 -0.99
 -0.04 -0.17 -0.99
 -0.03 -0.17 -0.98
 -0.04 -0.17 -0.99
 -0.03 -0.18 -0.98
 -0.02 -0.18 -0.99
 -0.04 -0.17 -1
 -0.03 -0.17 -0.98
 -0.04 -0.18 -0.99
 -0.04 -0.17 -0.99
 -0.04 -0.17 -0.99
 -0.04 -0.17 -0.98
 -0.03 -0.17 -0.98
 -0.03 -0.17 -0.99
 -0.03 -0.17 -0.98
 -0.01 -0.18 -0.98
 -0.02 -0.18 -0.98
 -0.02 -0.18 -0.99
 -0.05 -0.17 -0.98
 -0.04 -0.17 -0.99
 -0.03 -0.17 -0.98
 -0.03 -0.17 -0.99
 -0.04 -0.18 -0.98
 -0.03 -0.17 -0.98
 -0.04 -0.17 -0.99
 -0.05 -0.17 -0.99
 -0.04 -0.18 -0.99
 -0.05 -0.17 -0.99
 -0.04 -0.17 -0.99
 -0.05 -0.17 -0.99
 -0.04 -0.17 -0.98
 -0.03 -0.18 -0.98
 -0.03 -0.17 -0.98
 -0.06 -0.17 -0.99
 -0.05 -0.17 -0.99
 -0.03 -0.17 -0.98
 -0.05 -0.17 -0.99
 -0.05 -0.17 -0.99
 -0.04 -0.17 -0.98
 -0.02 -0.17 -0.98
 -0.03 -0.18 -0.98
 -0.05 -0.17 -0.98
 -0.02 -0.18 -0.99
 -0.04 -0.17 -0.98
 -0.04 -0.17 -1
 -0.02 -0.18 -0.98
 -0.03 -0.17 -0.98
 -0.02 -0.17 -0.98
 -0.04 -0.17 -0.98
 -0.04 -0.17 -0.99
 -0.04 -0.17 -0.99
 -0.03 -0.18 -0.99
 -0.05 -0.17 -0.99
 -0.03 -0.17 -0.98
 -0.03 -0.17 -0.98
 -0.02 -0.17 -0.98
 -0.03 -0.17 -0.99
 -0.04 -0.17 -0.99
 -0.04 -0.18 -0.99
 -0.03 -0.17 -0.99
 -0.03 -0.18 -0.98
 -0.03 -0.17 -0.98
 -0.02 -0.17 -0.98
 -0.02 -0.17 -0.99
 -0.04 -0.16 -0.99
 -0.03 -0.17 -0.99
 -0.02 -0.18 -0.99
 -0.03 -0.17 -0.98
 -0.02 -0.18 -0.98
 -0.03 -0.17 -0.98
 -0.03 -0.17 -0.98
 -0.03 -0.17 -0.99
 -0.04 -0.17 -0.99
 -0.04 -0.17 -0.99
 -0.05 -0.17 -0.99
 -0.03 -0.17 -0.98
 -0.07000000000000001 -0.17 -0.99
 -0.03 -0.18 -0.99
 -0.03 -0.17 -0.99
 -0.03 -0.17 -0.99
 -0.04 -0.17 -0.99
 -0.03 -0.17 -0.99
 -0.04 -0.17 -0.98
 -0.06 -0.18 -0.99
 -0.03 -0.17 -0.99
 -0.03 -0.17 -0.99
 -0.03 -0.17 -0.99
 -0.03 -0.17 -0.99
 -0.03 -0.17 -0.99
 -0.04 -0.16 -0.99
 -0.04 -0.17 -0.99
 -0.03 -0.17 -0.99
 -0.02 -0.18 -0.99
 -0.02 -0.18 -0.98
 -0.03 -0.17 -0.99
 -0.02 -0.17 -0.99
 -0.03 -0.17 -0.98
 -0.04 -0.17 -0.99
 -0.05 -0.17 -0.98
 -0.03 -0.16 -0.99
 -0.05 -0.17 -0.99
 -0.04 -0.17 -1
 -0.03 -0.17 -0.98
 -0.03 -0.16 -0.99
 -0.03 -0.17 -0.98
 -0.02 -0.17 -0.99
 -0.03 -0.17 -0.99
 -0.05 -0.17 -0.98
 -0.05 -0.18 -0.99
 -0.03 -0.17 -1
 -0.04 -0.17 -0.98
 -0.03 -0.17 -0.98
 -0.03 -0.17 -0.98
 -0.03 -0.17 -0.98
 -0.03 -0.17 -0.98
 -0.03 -0.17 -0.99
 -0.03 -0.17 -0.99
 -0.02 -0.17 -0.99
 -0.04 -0.17 -0.99
 -0.03 -0.17 -0.99
 -0.03 -0.17 -0.99
 -0.03 -0.17 -0.98
 -0.03 -0.17 -0.99
 -0.05 -0.16 -0.99
 -0.04 -0.17 -0.99
 -0.03 -0.18 -0.98
 -0.02 -0.17 -0.99
 -0.03 -0.18 -0.99
 -0.02 -0.17 -0.98
 -0.03 -0.17 -0.98
 -0.03 -0.17 -0.99
 -0.04 -0.17 -0.99
 -0.04 -0.17 -0.99
 -0.05 -0.18 -0.99
 -0.04 -0.17 -1.01
 -0.04 -0.17 -0.99
 -0.03 -0.17 -0.98
 -0.03 -0.17 -0.99
 -0.05 -0.17 -0.99
 -0.05 -0.17 -0.99
 -0.05 -0.17 -0.99
 -0.03 -0.18 -0.99
 -0.04 -0.16 -1
 -0.04 -0.17 -0.98
 -0.02 -0.17 -0.98
 -0.03 -0.17 -0.99
 -0.03 -0.17 -0.99
 -0.04 -0.17 -0.98
 -0.03 -0.18 -0.99
 -0.03 -0.17 -0.99
 -0.05 -0.17 -0.99
 -0.03 -0.18 -0.98
 -0.03 -0.17 -0.99
 -0.03 -0.18 -0.98
 -0.03 -0.17 -0.99
 -0.02 -0.18 -0.98
 -0.04 -0.17 -0.98
 -0.04 -0.17 -0.98
 -0.05 -0.17 -0.98
 -0.02 -0.17 -0.99
 -0.05 -0.16 -0.99
 -0.04 -0.17 -0.99
 -0.03 -0.17 -0.99
 -0.04 -0.17 -0.99
 -0.03 -0.17 -0.98
 -0.02 -0.18 -0.99
 -0.04 -0.17 -0.99
 -0.03 -0.17 -0.99
 -0.03 -0.17 -0.98
 -0.05 -0.17 -0.98
 -0.04 -0.17 -0.99
 -0.03 -0.17 -0.99
 -0.03 -0.17 -0.99
 -0.04 -0.17 -0.98
 -0.04 -0.17 -0.99
 -0.03 -0.17 -0.99
 -0.04 -0.17 -0.99
 -0.03 -0.17 -0.98
 -0.04 -0.17 -0.98
 -0.04 -0.17 -0.99
 -0.04 -0.17 -0.99
 -0.02 -0.17 -0.98
 -0.03 -0.17 -0.99
 -0.04 -0.17 -0.98
 -0.04 -0.17 -0.99
 -0.03 -0.17 -0.98
 -0.03 -0.17 -0.99
 -0.03 -0.18 -0.99
 -0.03 -0.17 -0.99
 -0.03 -0.17 -0.98
 -0.03 -0.17 -0.98
 -0.04 -0.17 -0.99
 -0.03 -0.18 -1
 -0.05 -0.17 -0.99
 -0.05 -0.17 -0.98
 -0.03 -0.18 -0.99
 -0.04 -0.17 -0.98
 -0.04 -0.17 -0.98
 -0.04 -0.17 -0.98
 -0.03 -0.17 -0.99
 -0.04 -0.17 -0.99
 -0.04 -0.18 -0.98
 -0.03 -0.17 -0.99
 -0.02 -0.17 -0.98
 -0.04 -0.16 -0.99
 -0.02 -0.18 -0.99
 -0.03 -0.18 -0.99
 -0.03 -0.17 -0.98
 -0.06 -0.17 -0.99
 -0.03 -0.17 -0.99
 -0.05 -0.17 -0.99
 -0.03 -0.17 -0.99
 -0.03 -0.17 -0.98
 -0.04 -0.17 -0.98
 -0.03 -0.17 -0.98
 -0.03 -0.18 -0.99
 -0.03 -0.18 -0.99
 -0.03 -0.17 -1
 -0.04 -0.17 -0.99
 -0.04 -0.18 -1
 -0.03 -0.17 -0.99
 -0.03 -0.17 -0.98
 -0.03 -0.17 -0.99
 -0.03 -0.17 -0.99
 -0.05 -0.17 -0.99
 -0.03 -0.17 -0.98
 -0.03 -0.17 -0.98
 -0.04 -0.17 -0.97
 -0.04 -0.17 -0.99
 -0.03 -0.17 -0.98
 -0.03 -0.17 -0.99
 -0.03 -0.17 -0.99
 -0.02 -0.17 -0.98
 -0.06 -0.17 -0.98
 -0.03 -0.17 -1
 -0.03 -0.17 -0.99
 -0.03 -0.17 -0.98
 -0.03 -0.17 -0.99
 -0.04 -0.17 -0.99
 -0.04 -0.17 -0.99
 -0.04 -0.17 -0.98
 -0.04 -0.17 -0.99
 -0.03 -0.17 -0.99
 -0.04 -0.17 -0.98
 -0.04 -0.17 -0.99
 -0.03 -0.17 -0.99
 -0.03 -0.17 -0.99
 -0.03 -0.17 -0.99
 -0.04 -0.17 -0.99
 -0.04 -0.17 -0.99
 -0.06 -0.17 -1
 -0.03 -0.17 -1
 -0.03 -0.18 -0.99
 -0.05 -0.17 -0.99
 -0.04 -0.17 -0.98
 -0.02 -0.18 -0.98
 -0.03 -0.17 -0.99
 -0.04 -0.17 -0.98
 -0.05 -0.17 -0.99
 -0.03 -0.17 -0.99
 -0.03 -0.18 -0.98
 -0.02 -0.17 -0.98
 -0.03 -0.17 -0.99
 -0.04 -0.17 -0.99
 -0.04 -0.16 -0.98
 -0.04 -0.17 -0.99
 -0.02 -0.17 -0.99
 -0.03 -0.18 -0.98
 -0.03 -0.17 -0.99
 -0.03 -0.17 -0.98
 -0.03 -0.17 -0.99
 -0.03 -0.17 -0.98
 -0.04 -0.17 -0.99
 -0.04 -0.17 -0.99
 -0.03 -0.18 -0.97
 -0.02 -0.17 -0.99
 -0.01 -0.17 -0.99
 -0.04 -0.17 -0.99
 -0.04 -0.17 -0.99
 -0.03 -0.17 -0.99
 -0.02 -0.17 -0.98
 -0.02 -0.17 -0.99
 -0.04 -0.17 -0.99
 -0.05 -0.17 -0.99
 -0.02 -0.17 -0.99
 -0.03 -0.17 -0.98
 -0.02 -0.17 -0.98
 -0.03 -0.17 -0.99
 -0.03 -0.17 -0.98
 -0.04 -0.17 -0.99
 -0.03 -0.17 -0.98
 -0.03 -0.17 -1
 -0.05 -0.16 -1
 -0.04 -0.17 -0.99
 -0.04 -0.17 -0.99
 -0.03 -0.17 -0.99
 -0.03 -0.17 -0.98
 -0.03 -0.17 -0.98
 -0.02 -0.17 -0.99
 -0.03 -0.17 -0.98
 -0.05 -0.17 -0.99
 -0.02 -0.17 -0.99
 -0.04 -0.18 -0.98
 -0.04 -0.17 -0.98
 -0.05 -0.17 -0.98
 -0.03 -0.17 -0.99
 -0.04 -0.17 -0.99
 -0.04 -0.17 -0.99
 -0.06 -0.17 -1
 -0.04 -0.17 -0.99
 -0.03 -0.18 -0.98
 -0.02 -0.17 -0.99
 -0.03 -0.17 -0.98
 -0.04 -0.17 -0.98
 -0.04 -0.17 -0.98
 -0.03 -0.17 -0.98
 -0.02 -0.18 -0.99
 -0.03 -0.18 -0.99
 -0.04 -0.18 -0.99
 -0.05 -0.16 -0.98
 -0.03 -0.18 -0.99
 -0.03 -0.18 -0.98
 -0.02 -0.17 -0.98
 -0.04 -0.16 -0.99
 -0.05 -0.17 -0.99
 -0.04 -0.17 -0.99
 -0.03 -0.17 -0.99
 -0.03 -0.17 -0.98
 -0.02 -0.17 -0.98
 -0.04 -0.17 -0.98
 -0.04 -0.17 -0.99
 -0.03 -0.18 -0.99
 -0.04 -0.17 -0.99
 -0.05 -0.17 -0.99
 -0.06 -0.17 -0.99
 -0.03 -0.17 -0.98
 -0.04 -0.17 -0.98
 -0.03 -0.17 -0.98
 -0.03 -0.17 -0.98
 -0.03 -0.17 -0.98
 -0.03 -0.17 -0.98
 -0.02 -0.17 -0.99
 -0.02 -0.17 -0.99
 -0.05 -0.17 -0.99
 -0.04 -0.17 -0.99
 -0.03 -0.17 -0.99
 -0.03 -0.17 -0.99
 -0.03 -0.17 -0.98
 -0.04 -0.17 -0.98
 -0.02 -0.17 -0.99
 -0.04 -0.17 -0.99
 -0.03 -0.18 -0.99
 -0.03 -0.18 -0.98
 -0.04 -0.17 -0.98
 -0.04 -0.17 -0.98
 -0.02 -0.17 -0.99
 -0.04 -0.17 -0.99
 -0.02 -0.17 -0.99
 -0.06 -0.17 -0.99
 -0.05 -0.16 -1
 -0.04 -0.17 -0.99
 -0.03 -0.17 -0.98
 -0.04 -0.17 -0.99
 -0.02 -0.17 -0.98
 -0.03 -0.17 -0.99
 -0.03 -0.17 -0.98
 -0.03 -0.18 -0.98
 -0.02 -0.17 -1
 -0.03 -0.17 -0.99
 -0.03 -0.17 -0.98
 -0.04 -0.17 -0.99
 -0.04 -0.17 -0.98
 -0.04 -0.17 -0.99
 -0.04 -0.17 -0.98
 -0.04 -0.17 -0.98
 -0.04 -0.17 -0.98
 -0.05 -0.17 -0.99
 -0.04 -0.17 -0.99
 -0.03 -0.17 -0.99
 -0.02 -0.17 -0.99
 -0.02 -0.17 -0.98
 -0.02 -0.17 -0.99
 -0.03 -0.17 -0.99
 -0.03 -0.17 -0.98
 -0.02 -0.17 -0.99
 -0.03 -0.17 -0.98
 -0.05 -0.17 -0.98
 -0.04 -0.17 -0.99
 -0.04 -0.17 -0.98
 -0.04 -0.17 -0.99
 -0.04 -0.17 -0.98
 -0.03 -0.17 -0.99
 -0.04 -0.17 -0.99
 -0.04 -0.17 -0.99
 -0.04 -0.17 -0.98
 -0.03 -0.17 -0.99
 -0.02 -0.17 -0.98
 -0.03 -0.17 -0.98
 -0.04 -0.17 -0.98
 -0.04 -0.17 -0.99
 -0.04 -0.17 -0.99
 -0.04 -0.17 -0.99
 -0.04 -0.17 -0.98
 -0.04 -0.18 -0.99
 -0.04 -0.17 -0.98
 -0.03 -0.17 -0.99
 -0.04 -0.17 -0.99
 -0.04 -0.17 -0.99
 -0.05 -0.17 -0.99
 -0.04 -0.17 -0.99
 -0.04 -0.17 -0.99
 -0.03 -0.17 -0.99
 -0.03 -0.17 -0.98
 -0.03 -0.17 -0.98
 -0.03 -0.17 -0.99
 -0.01 -0.18 -0.99
 -0.03 -0.17 -0.99
 -0.02 -0.17 -0.99
 -0.03 -0.18 -0.98
 -0.03 -0.17 -0.98
 -0.05 -0.17 -1
 -0.05 -0.17 -0.99
 -0.04 -0.17 -0.98
 -0.05 -0.17 -0.99
 -0.03 -0.16 -0.99
 -0.03 -0.17 -0.99
 -0.03 -0.17 -0.98
 -0.04 -0.18 -0.99
 -0.02 -0.18 -0.98
 -0.03 -0.17 -0.99
 -0.03 -0.17 -0.98
 -0.04 -0.17 -0.99
 -0.04 -0.17 -0.99
 -0.05 -0.17 -1
 -0.03 -0.17 -0.99
 -0.03 -0.17 -0.98
 -0.03 -0.17 -0.98
 -0.04 -0.17 -0.99
 -0.03 -0.17 -0.99
 -0.03 -0.17 -0.97
 -0.05 -0.17 -0.98
 -0.01 -0.18 -0.99
 -0.02 -0.17 -1
 -0.03 -0.17 -0.99
 -0.04 -0.17 -0.99
 -0.02 -0.17 -0.98
 -0.05 -0.16 -0.99
 -0.04 -0.17 -0.99
 -0.03 -0.17 -0.98
 -0.02 -0.17 -0.98
 -0.06 -0.17 -0.99
 -0.04 -0.17 -1
 -0.02 -0.17 -0.98
 -0.03 -0.17 -0.98
 -0.03 -0.17 -0.98
 -0.02 -0.18 -0.98
 -0.03 -0.17 -0.99
 -0.05 -0.17 -0.99
 -0.04 -0.17 -0.98
 -0.02 -0.18 -0.99
 -0.04 -0.17 -0.99
 -0.03 -0.17 -0.99
 -0.03 -0.17 -0.99
 -0.05 -0.17 -0.99
 -0.05 -0.17 -1
 -0.02 -0.17 -0.98
 -0.04 -0.17 -0.99
 -0.02 -0.17 -0.98
 -0.03 -0.18 -0.98
 -0.05 -0.17 -0.99
 -0.03 -0.17 -0.99
 -0.03 -0.17 -0.99
 -0.03 -0.17 -0.99
 -0.03 -0.17 -0.99
 -0.04 -0.17 -0.99
 -0.04 -0.17 -0.98
 -0.04 -0.17 -1
 -0.03 -0.17 -0.99
 -0.04 -0.17 -0.99
 -0.03 -0.17 -0.98
 -0.03 -0.17 -0.99
 -0.05 -0.17 -0.98
 -0.03 -0.17 -0.99
 -0.04 -0.18 -0.99
 -0.04 -0.17 -0.99
 -0.03 -0.17 -0.98
 -0.02 -0.17 -0.99
 -0.03 -0.17 -0.98
 -0.02 -0.17 -0.99
 -0.03 -0.18 -0.98
 -0.03 -0.17 -0.99
 -0.03 -0.17 -0.99
 -0.03 -0.17 -1
 -0.02 -0.17 -0.98
 -0.03 -0.17 -0.98
 -0.03 -0.17 -0.99
 -0.03 -0.17 -0.99
 -0.03 -0.18 -0.98
 -0.04 -0.17 -0.99
 -0.03 -0.18 -0.98
 -0.05 -0.18 -0.99
 -0.02 -0.17 -0.99
 -0.03 -0.17 -0.99
 -0.03 -0.17 -0.99
 -0.04 -0.17 -0.98
 -0.02 -0.17 -0.99
 -0.03 -0.17 -0.98
 -0.02 -0.17 -0.98
 -0.05 -0.17 -0.99
 -0.02 -0.17 -0.99
 -0.04 -0.17 -0.98
 -0.03 -0.17 -0.98
 -0.02 -0.17 -0.98
 -0.03 -0.17 -0.99
 -0.03 -0.17 -0.99
 -0.03 -0.17 -0.99
 -0.03 -0.17 -0.99
 -0.03 -0.17 -1
 -0.03 -0.17 -0.98
 -0.04 -0.17 -0.99
 -0.04 -0.17 -0.98
 -0.04 -0.17 -0.99
 -0.04 -0.17 -0.99
 -0.04 -0.17 -0.99
 -0.04 -0.17 -0.99
 -0.02 -0.17 -0.99
 -0.02 -0.18 -0.98
 -0.03 -0.17 -0.99
 -0.03 -0.17 -0.99
 -0.03 -0.17 -0.99
 -0.03 -0.17 -0.98
 -0.03 -0.17 -0.98
 -0.03 -0.17 -0.98
 -0.06 -0.17 -0.99
 -0.03 -0.17 -0.99
 -0.02 -0.18 -0.98
 -0.04 -0.17 -0.98
 -0.02 -0.17 -0.98
 -0.03 -0.17 -0.98
 -0.04 -0.17 -0.99
 -0.04 -0.17 -0.99
 -0.02 -0.17 -0.97
 -0.04 -0.17 -0.99
 -0.03 -0.17 -0.98
 -0.03 -0.17 -0.98
 -0.03 -0.17 -0.99
 -0.03 -0.17 -0.97
 -0.03 -0.17 -0.99
 -0.02 -0.17 -0.99
 -0.05 -0.17 -1
 -0.04 -0.17 -0.99
 -0.02 -0.17 -0.99
 -0.02 -0.17 -0.99
 -0.03 -0.17 -0.98
 -0.03 -0.17 -0.99
 -0.03 -0.17 -0.99
 -0.03 -0.17 -0.98
 -0.02 -0.17 -0.98
 -0.03 -0.18 -0.99
 -0.03 -0.17 -0.99
 -0.03 -0.17 -0.98
 -0.04 -0.17 -0.99
 -0.04 -0.17 -0.99
 -0.03 -0.17 -0.98
 -0.04 -0.17 -0.99
 -0.02 -0.18 -0.99
 -0.02 -0.17 -0.99
 -0.01 -0.18 -1
 -0.03 -0.17 -0.99
 -0.03 -0.17 -0.98
 -0.04 -0.17 -0.99
 -0.03 -0.17 -0.99
 -0.02 -0.17 -0.99
 -0.02 -0.17 -0.98
 -0.03 -0.17 -0.98
 -0.04 -0.17 -0.99
 -0.03 -0.18 -0.99
 -0.03 -0.18 -0.98
 -0.02 -0.18 -0.98
 -0.05 -0.17 -0.98
 -0.03 -0.17 -0.99
 -0.04 -0.17 -0.99
 -0.02 -0.17 -0.98
 -0.05 -0.18 -0.99
 -0.04 -0.18 -0.99
 -0.03 -0.18 -0.98
 -0.03 -0.17 -0.98
 -0.03 -0.17 -0.98
 -0.04 -0.17 -0.99
 -0.03 -0.17 -0.99
 -0.04 -0.17 -0.99
 -0.04 -0.17 -0.98
 -0.03 -0.17 -0.98
 -0.02 -0.18 -0.99
 -0.03 -0.17 -0.99
 -0.02 -0.18 -0.99
 -0.03 -0.17 -0.98
 -0.02 -0.17 -0.98
 -0.02 -0.17 -0.98
 -0.02 -0.17 -0.98
 -0.06 -0.17 -0.99
 -0.03 -0.17 -0.99
 -0.03 -0.17 -0.99
 -0.03 -0.17 -0.99
 -0.03 -0.18 -0.98
 -0.03 -0.17 -0.99
 -0.04 -0.17 -0.98
 -0.03 -0.17 -0.98
 -0.05 -0.17 -0.98
 -0.04 -0.17 -0.99
 -0.03 -0.17 -0.99
 -0.04 -0.17 -0.99
 -0.03 -0.17 -0.99
 -0.03 -0.18 -0.98
 -0.02 -0.18 -0.99
 -0.02 -0.17 -0.99
 -0.02 -0.17 -0.99
 -0.02 -0.18 -0.99
 -0.02 -0.17 -0.99
 -0.03 -0.17 -0.98
 -0.04 -0.17 -0.98
 -0.04 -0.17 -0.99
 -0.03 -0.17 -0.99
 -0.03 -0.17 -0.99
 -0.02 -0.17 -0.98
 -0.04 -0.17 -0.99
 -0.01 -0.18 -0.99
 -0.02 -0.18 -0.98
 -0.02 -0.17 -0.98
 -0.03 -0.17 -0.98
 -0.03 -0.17 -0.98
 -0.04 -0.17 -0.98
 -0.04 -0.17 -0.99
 -0.04 -0.17 -0.99
 -0.03 -0.17 -0.99
 -0.03 -0.17 -0.98
 -0.02 -0.17 -0.99
 -0.04 -0.17 -1
 -0.02 -0.17 -0.98
 -0.03 -0.17 -0.98
 -0.02 -0.17 -0.98
 -0.02 -0.18 -0.99
 -0.03 -0.18 -0.99
 -0.03 -0.18 -0.98
 -0.02 -0.17 -0.98
 -0.02 -0.18 -0.99
 -0.05 -0.17 -0.98
 -0.04 -0.17 -0.99
 -0.03 -0.17 -0.98
 -0.03 -0.18 -0.99
 -0.04 -0.18 -0.98
 -0.04 -0.17 -1
 -0.03 -0.18 -0.98
 -0.02 -0.18 -0.97
 -0.02 -0.18 -0.98
 -0.02 -0.17 -0.99
 -0.04 -0.17 -0.99
 -0.03 -0.17 -0.99
 -0.03 -0.17 -0.98
 -0.03 -0.16 -1
 -0.04 -0.18 -1
 -0.06 -0.14 -0.98
 -0.04 -0.18 -1.02
 -0.03 -0.18 -0.97
 0 -0.17 -0.92
 -0.06 -0.17 -0.98
 -0.06 -0.2 -0.97
 0.05 -0.21 -0.87
 -0.06 -0.17 -1.13
 -0.04 -0.19 -0.97
 0.09 -0.19 -0.92
 -0.05 -0.13 -1
 -0.13 -0.16 -1.02
 0.02 -0.19 -0.91
 0.04 -0.16 -0.98
 -0.11 -0.15 -1.03
 -0.03 -0.23 -0.93
 -0.01 -0.19 -0.93
 -0.08 -0.15 -1.08
 -0.06 -0.2 -0.95
 -0.01 -0.16 -1.09
 -0.04 -0.18 -1.02
 -0.07000000000000001 -0.2 -0.96
 -0.07000000000000001 -0.16 -1.03
 -0.04 -0.15 -1.02
 -0.01 -0.17 -1.11
 -0.06 -0.16 -1.05
 -0.05 -0.19 -0.98
 0 -0.17 -1.09
 -0.04 -0.21 -0.91
 -0.04 -0.17 -0.91
 -0.02 -0.11 -1.19
 0 -0.17 -1.04
 -0.03 -0.18 -0.9
 0.01 -0.16 -1.06
 -0.03 -0.15 -0.95
 -0.04 -0.15 -1.02
 -0.01 -0.17 -1
 -0.03 -0.15 -0.9399999999999999
 -0.04 -0.13 -0.92
 -0.04 -0.09 -0.89
 -0.03 -0.1 -0.91
 -0.06 -0.16 -0.9399999999999999
 -0.04 -0.11 -0.92
 0 -0.18 -0.95
 0.01 -0.16 -1.06
 -0.02 -0.16 -0.99
 -0.04 -0.21 -0.9399999999999999
 -0.05 -0.15 -1.13
 -0.02 -0.18 -0.97
 0 -0.16 -0.88
 -0.03 -0.13 -0.93
 -0.02 -0.08 -0.9399999999999999
 -0.03 -0.13 -0.93
 -0.01 -0.07000000000000001 -1
 -0.01 -0.11 -0.92
 -0.05 -0.21 -1.05
 -0.03 -0.17 -1.09
 -0.05 -0.17 -0.96
 -0.02 -0.18 -1.01
 -0.04 -0.13 -0.89
 -0.05 -0.21 -1.06
 -0.06 -0.17 -1.13
 -0.02 -0.22 -0.83
 0 -0.14 -0.98
 -0.04 -0.28 -0.92
 -0.01 -0.21 -0.97
 -0.02 -0.04 -1.05
 -0.11 -0.16 -0.85
 -0.03 -0.17 -1.06
 0.03 -0.17 -1.16
 -0.08 -0.11 -0.84
 -0.09 -0.15 -0.87
 0.05 -0.13 -0.77
 0 -0.16 -0.8100000000000001
 -0.07000000000000001 -0.19 -1.16
 0 -0.14 -1.03
 -0.05 -0.15 -1.21
 -0.06 -0.18 -1.04
 0.03 -0.1 -0.88
 -0.03 -0.1 -1.11
 -0.06 -0.18 -1.03
 -0.03 -0.22 -1.02
 0 -0.17 -1.12
 0 -0.18 -0.8
 -0.04 -0.19 -0.9
 -0.09 -0.23 -0.91
 0 -0.19 -1.12
 0 -0.2 -0.78
 -0.02 -0.13 -1.1
 -0.11 -0.14 -1.01
 0 -0.1 -1.01
 0.01 -0.17 -0.99
 -0.02 -0.18 -0.89
 -0.07000000000000001 -0.11 -1.04
 -0.07000000000000001 -0.22 -1.28
 0.02 -0.12 -0.83
 -0.03 -0.26 -0.9399999999999999
 -0.06 -0.12 -1.01
 -0.09 -0.22 -0.9
 -0.02 -0.19 -0.89
 0.04 -0.24 -0.89
 -0.02 -0.19 -0.74
 -0.1 -0.21 -1.02
 -0.04 -0.21 -0.88
 0.12 -0.15 -0.87
 -0.04 -0.16 -0.76
 -0.07000000000000001 -0.2 -0.89
 -0.05 -0.11 -1.12
 0.01 -0.17 -0.99
 0.04 -0.15 -0.93
 -0.05 -0.13 -0.8100000000000001
 -0.11 -0.16 -0.97
 -0.06 -0.18 -1.18
 0.03 -0.18 -0.89
 0.01 -0.09 -1.17
 -0.13 -0.18 -0.92
 -0.02 -0.16 -0.96
 0.01 -0.22 -1.05
 -0.01 -0.2 -0.85
 -0.05 -0.19 -0.9399999999999999
 -0.03 -0.11 -1.08
 0.01 -0.15 -0.97
 -0.07000000000000001 -0.05 -1.25
 -0.04 -0.19 -0.93
 -0.01 -0.16 -0.86
 -0.03 -0.2 -0.99
 -0.03 -0.15 -0.96
 -0.04 -0.22 -0.98
 0 -0.19 -1.15
 -0.08 -0.23 -0.93
 -0.07000000000000001 -0.18 -0.89
 -0.03 -0.13 -1.11
 -0.03 -0.22 -0.91
 0.02 -0.15 -1.12
 -0.05 -0.22 -0.99
 -0.06 -0.21 -0.77
 0.01 -0.16 -1.01
 -0.03 -0.23 -0.95
 -0.07000000000000001 -0.17 -1.11
 -0.06 -0.2 -1.13
 0 -0.07000000000000001 -1.18
 -0.06 -0.12 -0.9
 -0.02 -0.11 -0.95
 0.02 -0.09 -1.03
 -0.04 -0.19 -0.97
 -0.02 -0.25 -1.01
 -0.02 -0.2 -0.92
 -0.07000000000000001 -0.2 -1.03
 -0.03 -0.06 -0.92
 -0.03 -0.17 -1.01
 -0.04 -0.16 -1.12
 -0.01 -0.09 -1.09
 -0.04 -0.08 -0.89
 -0.08 -0.23 -0.95
 -0.05 -0.24 -1.11
 0 -0.21 -1
 0 -0.23 -0.78
 -0.07000000000000001 -0.23 -0.98
 -0.05 -0.14 -1.11
 -0.01 -0.2 -1.05
 0.01 -0.12 -1
 -0.04 -0.18 -1.02
 -0.04 -0.15 -0.97
 -0.02 -0.14 -1.14
 -0.06 -0.24 -0.98
 -0.03 -0.22 -0.98
 0.01 -0.2 -0.86
 -0.04 -0.2 -0.9399999999999999
 -0.08 0 -1.08
 -0.02 -0.15 -1.06
 0.01 -0.08 -0.96
 -0.04 -0.14 -0.99
 -0.05 -0.12 -0.88
 -0.05 -0.16 -0.88
 -0.03 -0.21 -1.13
 -0.02 -0.21 -0.9399999999999999
 -0.06 -0.25 -1.04
 -0.05 -0.17 -1.12
 -0.02 -0.11 -1.02
 -0.02 -0.2 -0.97
 0.01 -0.08 -0.82
 -0.05 -0.17 -1.01
 0.01 -0.15 -1.03
 -0.04 -0.16 -1.06
 -0.03 -0.19 -1.03
 -0.03 -0.16 -1.08
 -0.05 -0.27 -0.82
 -0.03 -0.24 -0.8100000000000001
 -0.04 -0.08 -0.96
 -0.07000000000000001 -0.17 -1.03
 -0.02 -0.03 -1.07
 0.01 -0.16 -1.14
 -0.04 -0.08 -1.02
 -0.05 -0.21 -1.02
 -0.03 -0.21 -1.02
 -0.04 -0.18 -0.93
 -0.03 -0.31 -0.86
 -0.08 -0.18 -1.05
 -0.06 -0.19 -1.09
 -0.02 -0.2 -0.87
 0 -0.01 -0.93
 -0.02 -0.18 -0.89
 -0.03 -0.15 -1
 -0.01 -0.18 -0.9399999999999999
 0 -0.13 -0.9
 -0.01 -0.26 -0.88
 -0.03 -0.14 -1
 -0.07000000000000001 -0.21 -0.95
 -0.07000000000000001 -0.21 -1.09
 -0.03 -0.16 -0.9
 -0.01 -0.07000000000000001 -1.02
 -0.07000000000000001 -0.12 -0.9399999999999999
 -0.01 -0.13 -0.9399999999999999
 -0.01 -0.07000000000000001 -0.95
 -0.04 -0.22 -0.93
 -0.05 -0.16 -1
 -0.02 -0.16 -0.91
 -0.07000000000000001 -0.23 -1.04
 -0.05 -0.23 -0.88
 -0.02 -0.15 -1.02
 -0.03 -0.2 -0.95
 0 -0.13 -0.79
 -0.06 -0.09 -1.06
 0 -0.19 -1.07
 0 -0.11 -0.8
 -0.01 -0.19 -1.05
 -0.06 -0.2 -0.98
 -0.01 -0.2 -0.82
 -0.05 -0.15 -1.02
 -0.05 -0.28 -1.08
 -0.07000000000000001 -0.14 -1.01
 -0.04 -0.15 -1.08
 -0.01 -0.06 -0.95
 -0.06 -0.08 -1.02
 -0.02 -0.18 -0.85
 -0.02 -0.19 -0.93
 -0.03 -0.23 -1.05
 -0.08 -0.17 -0.9399999999999999
 -0.03 -0.18 -0.9399999999999999
 -0.01 -0.15 -1.08
 -0.05 -0.14 -0.86
 -0.04 -0.18 -1.16
 0.01 -0.13 -1.1
 0.02 -0.15 -0.89
 -0.04 -0.13 -0.96
 -0.03 -0.15 -0.91
 0.01 -0.17 -0.98
 -0.08 -0.16 -0.9399999999999999
 -0.01 -0.17 -0.86
 -0.04 -0.2 -1.05
 -0.04 -0.18 -1.04
 -0.02 -0.15 -0.91
 -0.02 -0.16 -0.99
 0.01 -0.08 -1.15
 -0.02 -0.15 -1.08
 -0.02 -0.09 -0.97
 0.03 -0.16 -1.1
 -0.02 -0.16 -0.74
 -0.02 -0.12 -0.96
 -0.04 -0.13 -0.92
 -0.03 -0.09 -0.98
 0 -0.15 -1.08
 -0.02 -0.1 -1.04
 -0.03 -0.15 -1.02
 -0.02 -0.16 -0.96
 -0.01 -0.24 -1.02
 0 -0.09 -1
 -0.01 -0.16 -0.98
 -0.09 -0.15 -1.16
 -0.05 -0.13 -1.19
 0 -0.17 -1.01
 0.06 -0.16 -0.87
 -0.06 -0.14 -1.23
 -0.05 -0.11 -0.83
 -0.03 -0.18 -1.21
 0 -0.22 -1.16
 -0.04 -0.17 -0.82
 -0.07000000000000001 -0.14 -0.89
 -0.06 -0.18 -1.16
 0 -0.2 -0.88
 -0.03 -0.17 -0.72
 -0.1 -0.19 -1.14
 -0.05 -0.15 -0.88
 0.01 -0.1 -0.9399999999999999
 0.01 -0.11 -1.18
 -0.03 -0.13 -0.77
 -0.03 -0.22 -0.85
 -0.05 -0.17 -1.23
 0 -0.32 -1.19
 -0.08 -0.22 -0.88
 -0.1 -0.27 -1.06
 -0.06 -0.23 -0.95
 0 -0.18 -0.8
 -0.04 -0.16 -0.87
 -0.03 -0.11 -1.04
 -0.06 -0.16 -0.85
 0.04 -0.08 -0.92
 0 -0.16 -1.29
 -0.05 -0.16 -0.78
 -0.06 -0.13 -0.93
 -0.04 -0.31 -0.9399999999999999
 0.01 -0.18 -1.07
 -0.02 -0.11 -0.86
 -0.09 -0.14 -0.98
 -0.01 -0.13 -1
 -0.02 -0.17 -1.08
 0 -0.12 -0.71
 -0.08 -0.2 -1.18
 -0.02 -0.2 -1.06
 -0.01 -0.23 -0.99
 -0.06 -0.15 -1.04
 -0.03 -0.1 -1.08
 -0.01 -0.16 -1.07
 0.01 -0.11 -0.67
 -0.06 -0.27 -0.72
 -0.03 -0.16 -1.27
 0.01 -0.2 -0.99
 -0.05 -0.2 -0.99
 -0.06 -0.22 -0.99
 0 -0.22 -0.96
 0.03 -0.15 -1
 -0.04 -0.16 -1.2
 -0.08 -0.13 -0.71
 -0.02 -0.24 -0.95
 0.01 -0.19 -1.04
 -0.02 -0.16 -1.22
 -0.05 0.03 -0.9
 -0.02 -0.1 -1.22
 0 -0.21 -0.88
 0.01 -0.19 -0.76
 -0.05 -0.06 -1.11
 0 -0.22 -1.11
 0.02 -0.13 -1.25
 -0.02 -0.07000000000000001 -1.05
 -0.03 -0.08 -0.9
 0 -0.26 -0.89
 0 -0.16 -1.03
 -0.01 -0.16 -1.2
 -0.07000000000000001 -0.2 -0.6899999999999999
 0 -0.09 -0.9399999999999999
 -0.02 -0.14 -0.58
 -0.02 -0.13 -0.9399999999999999
 -0.02 -0.16 -0.91
 -0.05 -0.19 -1.1
 -0.03 -0.15 -1.19
 -0.07000000000000001 -0.22 -0.62
 0.03 -0.12 -0.9
 -0.04 -0.2 -0.89
 -0.08 -0.1 -0.85
 -0.06 -0.16 -1.02
 -0.05 -0.04 -1.2
 0.01 -0.18 -1.08
 -0.03 -0.08 -0.61
 -0.1 -0.3 -0.64
 -0.04 -0.18 -1.1
 -0.01 -0.2 -1.05
 -0.06 -0.16 -0.97
 -0.08 -0.19 -1.17
 -0.06 -0.25 -1.22
 -0.05 -0.07000000000000001 -0.55
 -0.07000000000000001 -0.22 -0.78
 -0.01 -0.14 -1.03
 -0.06 -0.23 -0.97
 -0.08 -0.12 -1.04
 -0.06 -0.16 -0.78
 -0.01 -0.1 -1.17
 -0.01 -0.03 -1.02
 -0.09 -0.17 -0.61
 -0.02 -0.28 -0.87
 0.05 -0.24 -0.91
 -0.05 -0.21 -0.73
 -0.05 -0.14 -0.99
 -0.01 -0.13 -1.23
 0.05 -0.14 -1.14
 -0.06 -0.09 -0.89
 -0.03 -0.17 -0.64
 -0.05 -0.22 -0.76
 0 -0.15 -1.03
 0.02 -0.06 -1.03
 -0.06 -0.19 -1.04
 -0.07000000000000001 -0.19 -1.24
 0.02 -0.11 -1.15
 0 -0.11 -0.83
 -0.04 -0.1 -0.6899999999999999
 -0.09 -0.16 -0.85
 0.03 -0.21 -0.91
 -0.04 -0.19 -1.02
 -0.06 -0.22 -0.8100000000000001
 -0.02 -0.15 -1.29
 -0.01 -0.16 -1.25
 -0.04 -0.09 -1.05
 -0.06 -0.13 -0.92
 0 -0.12 -0.68
 0.03 -0.14 -1.11
 -0.05 -0.18 -0.91
 -0.04 -0.15 -1.04
 -0.05 -0.26 -1.08
 -0.05 -0.3 -1.11
 -0.04 -0.05 -1.3
 -0.06 -0.2 -1.03
 -0.04 -0.16 -0.9
 -0.08 -0.15 -1.08
 -0.03 -0.19 -0.83
 0.02 -0.17 -0.92
 -0.03 -0.24 -0.75
 -0.06 -0.21 -1.03
 -0.06 -0.18 -1.12
 0.02 -0.22 -1.03
 0 -0.05 -0.95
 -0.05 -0.14 -1.08
 -0.05 -0.1 -1.29
 -0.04 -0.19 -0.87
 0.02 -0.19 -0.63
 -0.06 -0.18 -0.83
 -0.04 -0.24 -0.9399999999999999
 0.04 -0.19 -1.22
 -0.02 -0.07000000000000001 -0.83
 -0.08 -0.16 -0.98
 -0.03 -0.08 -1.21
 0 -0.08 -1.14
 -0.04 -0.16 -0.84
 -0.09 -0.19 -0.77
 -0.07000000000000001 -0.13 -0.99
 -0.04 -0.2 -1.1
 -0.03 -0.25 -0.8100000000000001
 -0.03 -0.12 -0.77
 -0.03 -0.1 -1.12
 -0.04 -0.16 -1.04
 -0.04 -0.15 -1.13
 -0.05 -0.15 -1.2
 0.03 -0.23 -0.96
 -0.04 -0.19 -0.93
 -0.04 -0.19 -1.01
 -0.02 -0.15 -0.83
 0 -0.26 -0.89
 -0.02 -0.16 -0.8
 -0.06 -0.17 -1
 -0.04 -0.19 -1.03
 -0.04 -0.25 -0.77
 -0.04 -0.23 -0.95
 -0.02 -0.17 -1.26
 -0.05 -0.25 -1.19
 0.01 -0.18 -0.76
 -0.02 -0.16 -0.8100000000000001
 -0.04 -0.15 -0.99
 -0.04 -0.22 -0.95
 0.01 -0.13 -0.9399999999999999
 -0.01 -0.15 -1.02
 -0.06 -0.02 -1.26
 -0.05 -0.15 -0.8100000000000001
 0.01 -0.15 -0.82
 0 -0.09 -0.71
 -0.05 -0.2 -0.72
 -0.06 -0.16 -0.91
 0.02 -0.12 -1.21
 -0.04 -0.28 -1.19
 -0.08 -0.06 -0.87
 0.02 -0.25 -0.76
 0.05 -0.09 -0.83
 -0.06 -0.19 -0.93
 -0.08 -0.27 -1.04
 0.02 -0.2 -1.22
 -0.02 -0.17 -1.14
 -0.01 -0.09 -0.72
 -0.03 -0.2 -0.75
 0 -0.24 -1.29
 -0.03 -0.26 -0.82
 -0.01 -0.12 -0.93
 -0.03 -0.14 -1.07
 -0.05 -0.25 -1.15
 -0.05 -0.24 -0.87
 -0.02 -0.2 -0.61
 -0.06 -0.31 -0.88
 -0.04 -0.15 -1.05
 -0.05 -0.08 -1.2
 -0.04 -0.28 -0.71
 0 -0.13 -0.88
 -0.01 -0.12 -1.18
 -0.08 -0.14 -0.8
 -0.04 -0.18 -0.96
 0 -0.2 -0.91
 -0.01 -0.13 -1
 -0.06 -0.21 -1.17
 -0.06 -0.18 -0.92
 -0.01 -0.07000000000000001 -1.24
 0.01 -0.11 -1.02
 -0.07000000000000001 -0.08 -0.89
 -0.05 -0.15 -0.88
 0.01 -0.17 -1.02
 -0.02 -0.22 -0.9399999999999999
 -0.09 -0.18 -1.07
 -0.02 -0.2 -0.78
 0 -0.12 -1.15
 -0.06 -0.13 -1.15
 -0.03 -0.13 -1.42
 -0.01 -0.21 -0.74
 -0.03 -0.26 -0.41
 -0.08 -0.17 -1.17
 0 -0.31 -1.06
 0.01 -0.21 -0.9
 -0.08 -0.24 -0.84
 -0.01 -0.21 -0.96
 -0.01 -0.14 -1.29
 -0.04 -0.01 -0.98
 -0.06 -0.17 -0.88
 -0.03 -0.09 -0.96
 0.01 -0.25 -1.08
 -0.03 -0.12 -0.9
 -0.09 -0.09 -0.84
 0.01 -0.21 -0.77
 0.02 -0.11 -1
 -0.11 -0.07000000000000001 -0.89
 -0.05 -0.2 -1.06
 0.02 -0.19 -0.87
 -0.01 -0.12 -1.25
 -0.13 -0.25 -1.06
 -0.06 -0.11 -1.46
 0.03 -0.21 -0.78
 0.06 -0.13 -0.41
 -0.09 -0.16 -1.11
 -0.03 -0.21 -0.95
 0.03 -0.17 -0.8100000000000001
 -0.04 -0.22 -1.08
 -0.08 -0.33 -0.9399999999999999
 0 -0.15 -1.07
 0.03 -0.22 -1.21
 -0.02 -0.18 -0.82
 -0.09 -0.24 -1
 -0.01 -0.16 -1.09
 0.04 -0.15 -0.95
 -0.04 -0.19 -1.03
 -0.06 -0.1 -1.05
 -0.03 -0.18 -0.99
 0.04 -0.19 -1.08
 0 -0.16 -0.8
 -0.08 -0.21 -1.09
 -0.02 -0.19 -1.19
 0.01 -0.07000000000000001 -0.93
 0.02 -0.14 -1.42
 -0.08 -0.24 -0.99
 -0.01 -0.11 -0.83
 -0.03 -0.22 -0.92
 0.01 -0.25 -1.16
 -0.02 -0.23 -0.82
 -0.03 -0.11 -0.78
 -0.03 -0.17 -0.9399999999999999
 0.03 -0.07000000000000001 -0.97
 0 -0.12 -1.13
 -0.05 -0.18 -0.85
 -0.06 -0.18 -0.9
 0.02 -0.23 -0.99
 0.01 -0.16 -1.23
 -0.02 -0.21 -1.04
 -0.06 -0.21 -0.93
 0.01 -0.15 -0.92
 0.01 -0.2 -0.8
 -0.03 -0.02 -1.3
 -0.08 -0.26 -0.92
 -0.04 -0.19 -1.08
 0.02 -0.1 -1.18
 0 -0.15 -1.05
 -0.03 -0.18 -0.88
 -0.05 -0.22 -0.8100000000000001
 0.01 -0.14 -0.83
 -0.02 -0.01 -0.83
 -0.05 -0.15 -0.82
 -0.07000000000000001 -0.17 -1.39
 -0.01 -0.17 -1.15
 -0.01 -0.19 -0.8
 -0.01 -0.11 -1.07
 -0.01 -0.25 -0.84
 -0.02 -0.22 -0.88
 -0.04 -0.16 -0.96
 -0.07000000000000001 -0.27 -1.11
 -0.02 -0.16 -1.21
 -0.03 -0.14 -0.75
 -0.03 -0.15 -0.83
 -0.02 -0.17 -0.8100000000000001
 -0.03 -0.18 -0.92
 -0.01 -0.15 -0.9
 -0.01 -0.22 -1.03
 -0.04 -0.07000000000000001 -1.28
 -0.05 -0.14 -1.22
 -0.01 -0.11 -0.95
 0.01 -0.16 -0.64
 -0.02 -0.12 -0.73
 -0.05 -0.14 -0.87
 -0.03 -0.24 -1.03
 -0.01 -0.13 -1.19
 -0.04 -0.18 -1.27
 -0.05 -0.1 -0.71
 -0.03 -0.09 -0.8100000000000001
 -0.04 0.01 -0.93
 -0.04 -0.23 -1.11
 -0.06 -0.2 -0.98
 -0.08 -0.27 -1.11
 -0.05 -0.17 -1.28
 -0.04 -0.01 -1.32
 -0.07000000000000001 -0.11 -1
 -0.06 -0.18 -0.73
 -0.03 -0.11 -0.89
 -0.07000000000000001 -0.17 -1.35
 -0.12 -0.18 -0.77
 -0.05 -0.24 -1.13
 -0.03 -0.26 -0.5
 -0.07000000000000001 -0.2 -0.87
 -0.03 -0.06 -1.05
 -0.09 -0.18 -1.33
 -0.08 -0.21 -0.86
 -0.01 -0.18 -1
 -0.03 -0.24 -0.71
 -0.03 -0.1 -1.23
 -0.09 -0.1 -1.14
 -0.02 -0.25 -1.04
 0.01 -0.23 -0.7
 -0.03 -0.14 -1.04
 -0.07000000000000001 -0.26 -0.87
 0 -0.12 -0.9399999999999999
 -0.02 -0.25 -0.66
 -0.01 -0.21 -0.91
 -0.07000000000000001 -0.14 -1.07
 -0.04 -0.17 -1.37
 0 -0.07000000000000001 -0.93
 -0.01 -0.23 -1.02
 -0.04 -0.16 -1.02
 -0.05 -0.18 -1.37
 -0.01 -0.23 -0.84
 0.01 -0.23 -0.97
 -0.04 -0.17 -0.99
 -0.02 -0.22 -0.8
 0.01 -0.02 -0.98
 -0.01 -0.17 -0.9399999999999999
 -0.01 -0.11 -1
 -0.03 -0.12 -0.73
 0.04 -0.13 -1.15
 -0.03 -0.24 -1.04
 -0.05 -0.03 -1.52
 -0.04 -0.28 -0.86
 0.02 -0.26 -0.93
 -0.05 -0.22 -0.84
 -0.02 -0.13 -1.1
 -0.02 -0.26 -0.58
 -0.04 -0.06 -1.02
 -0.08 -0.14 -0.8
 -0.02 -0.12 -1.34
 -0.02 -0.09 -0.71
 -0.05 -0.19 -0.91
 -0.02 -0.11 -0.75
 0 -0.19 -1.09
 -0.02 -0.14 -0.9399999999999999
 -0.06 -0.09 -1.06
 -0.02 -0.19 -1.05
 -0.01 -0.14 -1.26
 -0.09 -0.29 -0.83
 -0.03 -0.24 -0.92
 0.01 -0.22 -0.58
 -0.06 -0.27 -0.83
 -0.09 -0.08 -1.2
 -0.07000000000000001 -0.16 -0.97
 -0.01 -0.13 -0.78
 0.04 -0.13 -0.91
 -0.11 -0.2 -0.93
 -0.05 -0.13 -1.43
 -0.04 -0.33 -1.04
 0.01 -0.2 -1.08
 0.01 -0.14 -0.5600000000000001
 -0.04 -0.06 -1.12
 -0.03 -0.29 -1.18
 0.01 -0.14 -0.92
 -0.04 -0.23 -1.03
 -0.04 -0.21 -0.8100000000000001
 -0.03 -0.22 -0.98
 -0.07000000000000001 -0.15 -1.14
 -0.01 -0.18 -0.93
 -0.03 -0.11 -1.13
 -0.04 -0.09 -1.17
 -0.05 -0.12 -0.99
 -0.03 -0.15 -1
 -0.03 -0.21 -0.83
 -0.04 -0.1 -0.78
 -0.02 -0.26 -0.86
 -0.04 -0.16 -0.87
 -0.03 -0.21 -0.68
 -0.02 -0.13 -1
 -0.05 -0.19 -0.95
 -0.09 -0.01 -1.07
 -0.04 -0.17 -1.15
 -0.04 -0.13 -0.93
 -0.07000000000000001 -0.19 -1.07
 -0.08 -0.17 -0.98
 -0.03 -0.25 -1.06
 -0.08 -0.07000000000000001 -1.23
 -0.05 -0.17 -0.85
 -0.08 -0.11 -0.93
 -0.07000000000000001 -0.21 -0.96
 -0.09 -0.12 -1.1
 -0.08 -0.15 -0.99
 -0.07000000000000001 -0.18 -0.88
 -0.03 -0.22 -0.52
 -0.05 -0.14 -1.05
 -0.01 -0.21 -1.12
 -0.03 -0.25 -1.06
 -0.04 -0.27 -0.72
 -0.02 -0.12 -1
 -0.01 -0.17 -0.91
 -0.04 -0.21 -1.12
 -0.01 -0.18 -1.16
 0.02 -0.12 -1.08
 -0.02 -0.15 -1.01
 -0.06 -0.1 -0.8100000000000001
 -0.03 -0.2 -1.12
 -0.02 -0.16 -1.14
 -0.05 -0.12 -1.14
 -0.07000000000000001 -0.08 -1.39
 -0.01 -0.16 -1.04
 -0.04 -0.27 -0.73
 -0.08 -0.17 -1.06
 -0.06 -0.17 -1.09
 -0.05 -0.2 -0.89
 -0.09 -0.28 -1.22
 -0.04 -0.03 -1.21
 -0.03 -0.17 -0.8100000000000001
 -0.05 -0.21 -0.7
 -0.02 -0.07000000000000001 -0.72
 -0.01 -0.13 -1.3
 -0.04 -0.1 -1.01
 -0.06 -0.14 -1.34
 0.01 -0.22 -1.06
 -0.02 -0.09 -0.9
 -0.06 -0.08 -0.75
 0.01 -0.13 -0.95
 0 -0.07000000000000001 -1.18
 -0.08 -0.17 -0.95
 -0.06 -0.23 -1.04
 -0.04 -0.34 -0.55
 0 -0.13 -1.17
 -0.06 -0.22 -1.22
 -0.11 -0.23 -0.93
 0.02 -0.13 -0.99
 -0.05 -0.18 -0.77
 -0.1 -0.15 -1.22
 -0.03 -0.07000000000000001 -1.03
 0.01 -0.19 -0.75
 -0.06 -0.21 -0.97
 -0.05 -0.05 -0.86
 -0.01 -0.26 -1.22
 0 -0.12 -0.5600000000000001
 -0.08 -0.25 -0.9399999999999999
 -0.05 -0.07000000000000001 -1.37
 0.04 -0.11 -0.92
 -0.04 -0.21 -1.11
 -0.05 -0.13 -0.71
 -0.01 -0.24 -0.99
 0 -0.17 -1.09
 -0.06 -0.14 -0.88
 -0.05 -0.13 -1.06
 0 -0.21 -0.77
 -0.04 -0.12 -1.4
 -0.01 -0.13 -1.03
 0.02 -0.15 -0.61
 -0.01 -0.09 -0.8
 -0.08 -0.18 -0.99
 -0.02 -0.09 -1.22
 -0.02 -0.24 -0.9
 -0.02 -0.22 -0.87
 -0.04 -0.13 -0.76
 -0.06 -0.28 -1.39
 -0.01 0.02 -1.34
 -0.06 0 -0.99
 -0.02 -0.17 -0.88
 -0.07000000000000001 -0.14 -0.53
 -0.05 -0.27 -1.24
 0.01 -0.14 -1.27
 -0.02 -0.14 -1.09
 -0.09 -0.15 -1.2
 -0.02 -0.02 -0.62
 0.01 -0.23 -0.54
 -0.03 -0.06 -0.84
 -0.06 -0.32 -1
 0 -0.18 -1.47
 -0.04 -0.25 -0.91
 -0.1 -0.12 -1.09
 0.02 -0.17 -0.85
 -0.07000000000000001 -0.2 -0.8
 -0.11 -0.26 -1.23
 0.04 -0.23 -1
 0.03 -0.12 -1.25
 -0.14 -0.12 -0.78
 -0.03 -0.22 -1.15
 0 -0.15 -0.95
 -0.1 -0.23 -0.92
 -0.07000000000000001 -0.22 -0.87
 0.03 -0.25 -0.8
 -0.05 -0.18 -1.05
 -0.04 -0.08 -0.79
 0.02 -0.11 -1.51
 -0.04 -0.17 -0.99
 -0.16 -0.28 -0.6899999999999999
 0 -0.29 -1.19
 0.03 -0.17 -0.86
 -0.06 -0.17 -1.09
 -0.02 -0.13 -0.75
 -0.04 -0.14 -0.89
 -0.03 -0.08 -1.06
 0.06 -0.2 -0.65
 -0.04 -0.21 -1.11
 -0.13 -0.23 -1.14
 0.02 -0.26 -1.03
 0 -0.12 -1.26
 -0.15 -0.16 -1.08
 -0.08 -0.27 -1.24
 0.03 -0.1 -0.95
 -0.08 -0.22 -1.08
 -0.04 -0.2 -1.17
 0.05 -0.17 -0.61
 -0.07000000000000001 -0.17 -1.15
 -0.05 -0.15 -0.87
 0.02 -0.18 -0.82
 -0.04 -0.13 -0.97
 -0.11 -0.24 -0.67
 0.03 -0.06 -1.11
 0.02 -0.16 -0.74
 -0.1 -0.09 -1
 -0.04 0.01 -0.99
 -0.02 -0.17 -1.05
 -0.02 -0.04 -1.06
 -0.09 -0.24 -0.89
 0.01 -0.1 -0.96
 -0.09 -0.26 -0.97
 -0.06 -0.13 -1.1
 0.01 -0.2 -0.86
 -0.05 -0.2 -1.28
 -0.04 -0.06 -0.8100000000000001
 -0.01 -0.25 -1.09
 0 -0.14 -1
 -0.11 -0.24 -1.29
 -0.03 -0.17 -1.04
 0.01 -0.15 -0.85
 -0.07000000000000001 -0.24 -1.07
 -0.04 -0.34 -1.21
 0 -0.16 -1.11
 -0.07000000000000001 -0.16 -0.84
 -0.04 -0.05 -0.9
 -0.05 -0.17 -0.64
 -0.02 -0.08 -0.91
 -0.02 -0.3 -0.78
 0.01 -0.2 -0.91
 -0.06 -0.18 -0.8100000000000001
 -0.02 -0.18 -0.91
 -0.03 -0.13 -0.46
 -0.03 -0.21 -0.98
 -0.02 -0.05 -1.04
 -0.01 -0.21 -0.97
 -0.11 -0.22 -0.98
 0.05 -0.04 -1.24
 -0.06 -0.13 -0.74
 -0.07000000000000001 -0.14 -1.09
 -0.01 -0.26 -1.02
 -0.1 -0.18 -1.13
 -0.06 -0.18 -0.92
 0.06 -0.15 -1.09
 -0.03 -0.13 -0.96
 -0.06 0.02 -0.89
 -0.02 -0.22 -0.83
 0.03 -0.17 -1.07
 -0.09 -0.22 -0.99
 0.02 -0.2 -1.09
 0.01 -0.28 -0.63
 -0.06 -0.23 -0.99
 -0.06 -0.17 -0.79
 0.04 -0.08 -1.28
 -0.04 -0.24 -0.68
 -0.02 -0.13 -0.97
 -0.01 -0.17 -1.03
 0.03 -0.12 -0.95
 -0.08 -0.08 -0.85
 -0.06 -0.21 -0.96
 -0.04 -0.12 -1
 -0.08 -0.31 -1.29
 -0.04 -0.1 -1.03
 0.03 -0.12 -1
 -0.06 -0.11 -1.24
 -0.1 -0.33 -0.79
 -0.03 -0.1 -0.96
 -0.02 -0.22 -0.92
 -0.04 -0.17 -1.19
 -0.04 -0.32 -1.12
 0.01 -0.23 -1.12
 -0.05 -0.15 -1.11
 -0.06 -0.17 -1.08
 -0.03 -0.2 -0.73
 0 -0.01 -0.96
 0.01 -0.23 -0.98
 -0.02 -0.1 -1.41
 -0.03 -0.03 -1.25
 -0.01 -0.14 -0.9
 -0.06 -0.15 -0.9399999999999999
 -0.09 -0.14 -0.9
 -0.04 -0.17 -1.26
 -0.06 -0.09 -1.31
 -0.03 -0.15 -0.75
 0.01 -0.14 -0.5
 -0.01 -0.18 -0.79
 -0.05 -0.05 -1.14
 -0.02 -0.18 -1.22
 -0.02 -0.14 -0.68
 -0.05 -0.28 -1.03
 -0.04 -0.22 -1.06
 -0.02 -0.24 -1.17
 -0.02 -0.17 -0.87
 -0.02 -0.18 -0.8100000000000001
 -0.02 -0.21 -0.89
 -0.02 -0.04 -1.05
 -0.03 -0.18 -0.78
 0.04 -0.12 -0.5
 -0.01 -0.15 -0.77
 -0.04 -0.29 -1.33
 -0.05 -0.23 -1.02
 -0.02 -0.12 -0.93
 -0.01 -0.25 -1.17
 -0.04 -0.05 -0.87
 -0.04 -0.06 -1.15
 -0.02 -0.17 -0.77
 0.02 -0.17 -0.79
 -0.02 -0.25 -1.13
 -0.03 -0.17 -1.17
 -0.07000000000000001 -0.17 -1.02
 -0.04 -0.17 -1.47
 0 -0.18 -0.86
 -0.02 -0.18 -0.8
 -0.01 -0.09 -0.75
 -0.07000000000000001 -0.18 -1.2
 -0.03 -0.27 -1.2
 0.01 -0.12 -1.2
 -0.04 -0.14 -0.85
 -0.06 -0.21 -0.76
 -0.02 -0.14 -0.59
 -0.02 -0.15 -1.16
 -0.05 -0.18 -1.13
 -0.06 -0.17 -1.17
 0 -0.18 -0.7
 0.03 -0.08 -0.49
 0.01 -0.17 -0.85
 -0.05 -0.12 -0.96
 -0.06 -0.21 -1.2
 -0.01 -0.22 -0.9
 0.02 -0.2 -0.9
 -0.06 -0.1 -0.88
 -0.08 -0.18 -1.49
 -0.04 -0.23 -0.77
 0.03 -0.2 -0.8100000000000001
 -0.02 -0.15 -0.7
 -0.06 -0.16 -0.9399999999999999
 -0.04 -0.07000000000000001 -0.93
 0.02 -0.13 -0.91
 0 -0.08 -1.15
 -0.06 -0.1 -1.28
 -0.07000000000000001 -0.13 -1.09
 0.03 -0.19 -0.62
 0.05 -0.13 -0.63
 -0.06 -0.28 -0.93
 -0.1 -0.15 -1.02
 0.01 -0.26 -1.02
 -0.01 -0.12 -1.29
 -0.04 -0.19 -0.72
 -0.01 -0.18 -0.79
 0 -0.15 -1.04
 -0.04 -0.12 -1.5
 -0.04 -0.21 -0.8100000000000001
 -0.01 -0.18 -1.01
 -0.02 -0.13 -0.8100000000000001
 0 -0.11 -0.72
 -0.03 -0.13 -0.95
 -0.05 -0.1 -0.91
 -0.04 -0.1 -0.93
 -0.02 -0.31 -1.07
 -0.02 -0.11 -1.12
 -0.03 -0.25 -0.74
 -0.01 -0.14 -0.96
 -0.04 -0.18 -0.99
 0 -0.07000000000000001 -1.2
 -0.04 -0.21 -0.9
 0.01 -0.14 -1.07
 -0.03 -0.15 -1.09
 -0.04 -0.18 -0.86
 -0.02 -0.3 -1.12
 0.02 -0.14 -1.13
 0.03 -0.2 -0.73
 0.01 -0.09 -1.47
 0.01 -0.13 -0.74
 0.04 -0.14 -1.03
 0 -0.26 -0.97
 0.05 -0.21 -1.11
 0.03 -0.18 -0.8100000000000001
 0.07000000000000001 -0.19 -1.11
 0.04 -0.16 -0.92
 0.03 -0.29 -1.16
 0.05 -0.16 -0.8100000000000001
 0.05 -0.11 -1.09
 0.08 0.02 -0.99
 0.13 -0.07000000000000001 -0.84
 0.07000000000000001 -0.14 -0.95
 0.08 -0.19 -1.07
 0.07000000000000001 -0.28 -0.99
 0.1 -0.18 -0.99
 0.14 -0.19 -0.9399999999999999
 0.12 -0.19 -0.96
 0.09 -0.12 -1.09
 0.15 -0.06 -0.88
 0.23 -0.22 -0.93
 0.14 -0.23 -0.85
 0.11 -0.23 -0.9399999999999999
 0.14 -0.19 -1.01
 0.22 -0.21 -1.13
 0.19 -0.14 -0.89
 0.11 -0.07000000000000001 -0.95
 0.14 -0.05 -1.05
 0.21 -0.21 -0.86
 0.19 -0.17 -1.27
 0.18 -0.19 -0.95
 0.14 -0.22 -0.83
 0.2 -0.14 -1.03
 0.23 -0.14 -1.15
 0.19 -0.19 -0.9
 0.22 -0.18 -0.9399999999999999
 0.18 -0.21 -1.01
 0.26 -0.13 -1.14
 0.2 -0.19 -0.91
 0.22 -0.11 -1.07
 0.27 -0.08 -0.91
 0.24 -0.17 -0.95
 0.22 -0.1 -1.08
 0.3 -0.06 -1.01
 0.3 -0.2 -0.84
 0.21 -0.06 -0.84
 0.34 0.05 -1.04
 0.29 -0.01 -1.11
 0.26 -0.13 -0.99
 0.27 -0.11 -0.95
 0.35 -0.16 -0.97
 0.35 -0.15 -0.83
 0.31 -0.26 -0.96
 0.34 0 -1.03
 0.34 -0.06 -1
 0.29 -0.17 -1.04
 0.36 -0.18 -1.05
 0.41 -0.23 -0.89
 0.4 0.16 -1.07
 0.37 -0.06 -0.82
 0.39 -0.18 -1.11
 0.45 -0.18 -0.98
 0.4 -0.16 -1.02
 0.42 -0.06 -0.93
 0.46 -0.07000000000000001 -1.11
 0.44 -0.28 -0.88
 0.45 -0.12 -1.1
 0.44 -0.03 -0.93
 0.48 -0.07000000000000001 -1.15
 0.49 -0.15 -0.96
 0.48 -0.22 -1.06
 0.54 -0.18 -0.97
 0.51 0.13 -0.93
 0.48 -0.11 -1.07
 0.52 -0.14 -1.2
 0.49 -0.11 -0.79
 0.5600000000000001 -0.03 -1.09
 0.5600000000000001 0.08 -0.67
 0.48 -0.02 -1.19
 0.55 -0.18 -1.13
 0.59 -0.02 -1.09
 0.51 -0.07000000000000001 -1.04
 0.5600000000000001 -0.03 -1.13
 0.6 -0.08 -0.86
 0.62 -0.17 -1.29
 0.63 0.01 -1.03
 0.57 -0.08 -0.91
 0.59 -0.05 -1.07
 0.63 -0.1 -1.08
 0.63 -0.13 -0.8
 0.65 0.03 -1.21
 0.65 -0.03 -0.93
 0.63 0 -0.8
 0.64 -0.01 -1.06
 0.66 -0.06 -0.95
 0.7 0.12 -1
 0.64 0.19 -1.01
 0.68 0 -0.97
 0.67 0.07000000000000001 -0.89
 0.67 0.1 -0.68
 0.66 0.02 -1.15
 0.6899999999999999 0.03 -1.02
 0.7 -0.17 -0.92
 0.6899999999999999 -0.05 -1.16
 0.7 0.1 -0.98
 0.74 0.13 -0.9399999999999999
 0.73 0.01 -1
 0.66 -0.04 -1.07
 0.72 0.1 -1.19
 0.76 0.23 -0.83
 0.74 0.18 -1.14
 0.74 0.11 -0.88
 0.73 0.06 -1.23
 0.74 0.08 -0.91
 0.78 0.05 -1.12
 0.78 0.01 -0.8
 0.85 0.17 -0.86
 0.76 0.12 -1.17
 0.74 0.06 -1.2
 0.76 -0.05 -1.05
 0.77 0.15 -0.91
 0.8100000000000001 0.06 -0.95
 0.78 0.09 -0.9399999999999999
 0.75 0.13 -0.96
 0.6 0.25 -1.21
 0.5 0.14 -1.23
 0.35 0.2 -0.9
 0.19 0.18 -1.18
 -0.04 0.23 -0.95
 -0.15 0.15 -1.03
 -0.19 0.19 -0.85
 -0.24 0.05 -0.58
 -0.28 0.14 -0.73
 -0.34 0.1 -0.92
 -0.2 0.2 -1.26
 -0.22 -0.02 -1.04
 -0.28 0.31 -1.16
 -0.25 0.28 -1.12
 -0.18 0.31 -1.24
 -0.19 0.11 -1.08
 -0.21 0.1 -1.06
 -0.17 -0.02 -0.97
 -0.15 0 -0.93
 -0.16 0.11 -1.07
 -0.18 0.08 -0.68
 -0.13 0.15 -0.79
 -0.18 0.24 -0.89
 -0.16 0.2 -1.02
 -0.14 0.16 -1.09
 -0.13 0.1 -1.06
 -0.17 0.15 -1.02
 -0.14 0.2 -1.13
 -0.04 0.11 -1.18
 -0.13 0.07000000000000001 -1.04
 -0.15 0.13 -1.26
 -0.08 0.05 -1.07
 -0.06 0.05 -1.21
 -0.09 0.14 -0.78
 -0.11 0.22 -0.93
 -0.1 0.08 -0.99
 -0.1 0.18 -0.83
 -0.04 0.18 -1.04
 -0.15 0.08 -0.88
 -0.13 0.06 -1.13
 -0.11 0.03 -0.91
 -0.07000000000000001 0.12 -1.26
 -0.08 0.08 -0.97
 -0.11 0.09 -0.95
 -0.09 0.12 -1.15
 -0.1 0.11 -0.83
 -0.05 0.15 -0.9399999999999999
 -0.08 0.21 -0.76
 -0.11 0.13 -1.11
 -0.13 0 -0.9399999999999999
 -0.08 0.06 -1.09
 -0.09 0.1 -1
 -0.07000000000000001 0.07000000000000001 -0.87
 -0.1 0.05 -0.9399999999999999
 -0.09 0.14 -0.89
 -0.05 0.19 -0.9
 -0.07000000000000001 0.17 -0.92
 -0.11 0.08 -1.15
 -0.11 0.05 -0.97
 -0.07000000000000001 0.05 -1.17
 -0.06 0.05 -0.88
 -0.08 0.13 -0.92
 -0.09 0.11 -0.96
 -0.09 0.13 -0.99
 -0.03 0.13 -1.22
 -0.1 0.08 -0.79
 -0.12 0.06 -1.01
 -0.09 0.16 -0.82
 -0.09 0.19 -1.03
 -0.07000000000000001 0.18 -1.08
 -0.11 0.08 -0.82
 -0.12 0.12 -1.17
 -0.07000000000000001 0.12 -1.07
 -0.06 0.19 -1.04
 -0.15 0.12 -1.07
 -0.11 -0.02 -0.9399999999999999
 -0.11 0.21 -1.07
 -0.08 0.09 -0.96
 -0.14 0.08 -0.91
 -0.14 0.05 -0.82
 -0.1 0.03 -1.1
 -0.08 0.14 -0.97
 -0.14 0.06 -1
 -0.1 0.09 -1.42
 -0.15 0.03 -0.7
 -0.12 0.11 -1
 -0.1 0.14 -1.13
 -0.13 -0.04 -0.88
 -0.12 0.06 -0.89
 -0.12 0.06 -1.07
 -0.11 0.1 -0.93
 -0.1 0.18 -0.85
 -0.17 0.05 -1.24
 -0.17 0 -1.03
 -0.12 0.15 -0.77
 -0.14 0.04 -0.96
 -0.18 0.03 -1.01
 -0.2 0.05 -0.75
 -0.13 0.16 -0.97
 -0.12 0.04 -1.3
 -0.18 0.1 -1.13
 -0.19 0 -0.87
 -0.14 0.08 -0.93
 -0.14 0.05 -0.91
 -0.19 0.04 -0.87
 -0.19 0.12 -0.87
 -0.19 0.07000000000000001 -1.29
 -0.14 0.15 -1.24
 -0.19 0.15 -0.96
 -0.29 -0.03 -0.53
 -0.12 0.14 -1.13
 -0.15 0.07000000000000001 -1.03
 -0.23 0.04 -1.28
 -0.23 0.12 -0.99
 -0.17 0.11 -1.05
 -0.18 0.08 -0.85
 -0.18 0.14 -0.87
 -0.25 -0.08 -0.65
 -0.2 0.18 -1.27
 -0.12 0.11 -0.78
 -0.18 0.09 -0.99
 -0.23 0.05 -0.77
 -0.21 0.17 -0.97
 -0.18 -0.06 -1.07
 -0.23 0.14 -1.18
 -0.24 0.02 -0.85
 -0.18 0.02 -0.71
 -0.2 0.01 -0.99
 -0.19 0.06 -1.05
 -0.21 0.04 -1.03
 -0.22 0.16 -1.01
 -0.21 0.11 -0.91
 -0.19 0.07000000000000001 -1.13
 -0.23 0.05 -0.9399999999999999
 -0.3 0.07000000000000001 -1.08
 -0.18 0.07000000000000001 -0.93
 -0.19 0.03 -0.92
 -0.22 0.14 -1.01
 -0.31 0.02 -1.17
 -0.25 0 -1
 -0.18 0.09 -1.22
 -0.25 0.04 -1.06
 -0.3 -0.04 -1.12
 -0.26 0.11 -0.96
 -0.18 0.16 -0.97
 -0.25 -0.04 -0.82
 -0.31 0.06 -1.03
 -0.27 -0.01 -1.28
 -0.23 -0.02 -0.75
 -0.23 0.12 -1.03
 -0.28 0.04 -0.63
 -0.28 0.03 -1.04
 -0.22 0.01 -0.91
 -0.26 0.18 -1.04
 -0.27 0.11 -0.92
 -0.29 0.08 -1.01
 -0.23 -0.07000000000000001 -1.13
 -0.35 0.03 -0.98
 -0.3 0.1 -1.11
 -0.28 0.09 -1.07
 -0.27 -0.04 -0.89
 -0.35 -0.03 -0.76
 -0.28 0.13 -0.92
 -0.24 0.09 -1.07
 -0.28 0 -1.01
 -0.36 0.08 -1.05
 -0.34 0.1 -1.03
 -0.24 -0.02 -1.07
 -0.3 0.09 -0.99
 -0.39 0.07000000000000001 -1.2
 -0.36 -0.04 -0.92
 -0.25 -0.03 -0.73
 -0.31 0.01 -0.9
 -0.4 0 -1.06
 -0.35 0.01 -1.3
 -0.29 0.03 -0.84
 -0.39 0.03 -0.92
 -0.37 0 -0.83
 -0.32 -0.09 -1.2
 -0.32 0.02 -1.04
 -0.41 -0.07000000000000001 -1.08
 -0.33 0.1 -1.18
 -0.3 0.04 -0.73
 -0.35 -0.01 -0.82
 -0.38 0.03 -1.08
 -0.38 0.03 -1.39
 -0.34 -0.03 -0.85
 -0.35 -0.06 -0.92
 -0.34 0.03 -0.96
 -0.35 0.09 -0.98
 -0.36 0.03 -0.74
 -0.33 0.09 -1.3
 -0.39 -0.07000000000000001 -0.9399999999999999
 -0.29 -0.08 -0.54
 -0.32 0 -0.79
 -0.41 -0.05 -0.95
 -0.41 0.07000000000000001 -1.11
 -0.27 0.06 -0.91
 -0.28 0.1 -1
 -0.45 -0.1 -0.79
 -0.39 -0.09 -0.74
 -0.31 -0.15 -1.21
 -0.29 -0.03 -1.08
 -0.39 -0.07000000000000001 -1.29
 -0.39 0.04 -0.98
 -0.32 -0.13 -1.13
 -0.36 -0.02 -1.08
 -0.33 -0.01 -0.98
 -0.35 -0.03 -1.36
 -0.42 -0.06 -1.05
 -0.31 -0.07000000000000001 -0.85
 -0.32 -0.12 -0.77
 -0.33 -0.17 -0.7
 -0.37 -0.03 -1.12
 -0.33 -0.03 -1.22
 -0.32 -0.02 -1.25
 -0.36 -0.06 -0.71
 -0.34 -0.03 -0.65
 -0.3 -0.06 -0.86
 -0.32 -0.14 -1.12
 -0.37 -0.15 -1.03
 -0.34 -0.05 -1.24
 -0.32 -0.1 -0.9399999999999999
 -0.26 -0.07000000000000001 -0.6
 -0.26 -0.1 -0.87
 -0.35 -0.11 -1.03
 -0.4 -0.11 -1.31
 -0.26 -0.01 -1.32
 -0.24 -0.07000000000000001 -0.8100000000000001
 -0.3 -0.13 -0.77
 -0.32 -0.11 -0.58
 -0.3 -0.22 -1.18
 -0.22 -0.2 -1.31
 -0.26 -0.01 -0.89
 -0.34 0.03 -1.26
 -0.34 -0.14 -1.04
 -0.25 -0.03 -0.65
 -0.25 -0.09 -0.84
 -0.34 -0.18 -0.9399999999999999
 -0.28 0 -1.45
 -0.25 -0.16 -0.8100000000000001
 -0.23 -0.04 -0.73
 -0.25 0.02 -0.79
 -0.26 0.03 -0.91
 -0.2 -0.06 -0.8100000000000001
 -0.32 -0.16 -1.27
 -0.28 -0.29 -1.18
 -0.24 -0.23 -0.8100000000000001
 -0.23 -0.13 -0.84
 -0.22 0.02 -0.71
 -0.24 -0.18 -1.12
 -0.26 -0.06 -0.98
 -0.28 -0.14 -1.14
 -0.21 -0.17 -1.18
 -0.18 0.03 -0.76
 -0.25 -0.15 -0.85
 -0.21 -0.12 -0.96
 -0.23 -0.09 -1.09
 -0.19 -0.22 -1.21
 -0.14 0 -1.06
 -0.23 -0.13 -0.93
 -0.24 -0.14 -0.83
 -0.16 -0.17 -0.76
 -0.14 -0.11 -1.03
 -0.16 -0.19 -1.07
 -0.23 -0.16 -1.11
 -0.14 -0.1 -1.01
 -0.12 -0.24 -0.79
 -0.11 -0.1 -0.53
 -0.15 -0.22 -0.99
 -0.09 0.05 -1.17
 -0.1 -0.07000000000000001 -1.29
 -0.16 -0.12 -1.18
 -0.1 -0.13 -0.73
 -0.07000000000000001 -0.14 -0.85
 -0.08 -0.13 -0.8
 -0.1 -0.14 -1.37
 -0.12 -0.08 -0.98
 -0.07000000000000001 -0.14 -0.8
 -0.06 0.03 -1.03
 -0.02 -0.05 -0.77
 -0.06 -0.02 -0.87
 -0.13 -0.19 -1.12
 -0.02 -0.17 -1.08
 0.04 -0.15 -0.61
 -0.04 -0.06 -0.95
 -0.02 0.01 -1.16
 -0.01 -0.13 -0.93
 -0.02 -0.13 -1.04
 -0.05 -0.05 -1
 0.01 -0.18 -0.97
 0.01 -0.07000000000000001 -1.3
 -0.06 -0.25 -1.15
 0.06 -0.08 -0.71
 0.02 -0.06 -0.99
 0.02 -0.13 -0.84
 -0.01 -0.16 -0.8
 0.06 -0.1 -1.08
 0.02 -0.21 -0.9399999999999999
 0.07000000000000001 -0.06 -0.92
 0.05 -0.1 -1.16
 0.02 -0.16 -0.57
 0.11 -0.15 -1.06
 0.06 -0.07000000000000001 -0.87
 0 -0.13 -1.15
 0.08 -0.16 -0.87
 0.08 -0.12 -1.15
 -0.01 -0.2 -0.92
 0.03 -0.18 -0.75
 0.09 -0.05 -1.28
 0.03 -0.16 -0.88
 0.03 -0.16 -0.93
 0.09 -0.1 -1.08
 0.08 -0.17 -0.85
 0.04 -0.11 -0.9399999999999999
 0.07000000000000001 -0.12 -1.25
 0.06 -0.08 -0.89
 0.06 -0.11 -1.06
 0.03 -0.24 -1.15
 0.04 -0.09 -1.05
 0.1 -0.03 -1
 0.08 -0.23 -1.04
 0.09 -0.11 -1.04
 0.03 -0.06 -1.2
 0.04 -0.1 -1.02
 0.1 -0.06 -0.83
 0.05 -0.09 -1.02
 0.04 -0.08 -0.68
 0 -0.09 -1.17
 0.02 -0.24 -1.19
 0.08 -0.12 -0.77
 0.08 -0.08 -0.91
 0.02 -0.05 -0.82
 0.04 -0.03 -1.12
 0.02 -0.07000000000000001 -1.07
 0.04 -0.17 -0.99
 0.07000000000000001 -0.1 -0.9399999999999999
 0.06 -0.09 -0.75
 0 -0.13 -0.9399999999999999
 0.08 -0.04 -1.04
 0.04 -0.17 -1.04
 0.02 -0.17 -0.9
 0.05 -0.14 -1.14
 0.06 -0.08 -1.11
 0.03 -0.08 -0.9
 -0.01 -0.02 -1.26
 0 -0.14 -1.2
 0.06 -0.01 -0.82
 0.01 -0.06 -0.86
 -0.01 -0.07000000000000001 -0.95
 0.05 -0.12 -1.08
 0.08 -0.11 -0.8
 -0.04 -0.03 -0.9399999999999999
 -0.01 -0.04 -0.95
 0.07000000000000001 -0.05 -1.15
 0.05 0 -0.84
 -0.02 -0.06 -1.17
 -0.03 -0.16 -1.17
 0.04 -0.2 -0.73
 -0.04 -0.14 -1
 -0.03 -0.2 -0.96
 0.06 -0.08 -0.99
 0.05 -0.09 -1.01
 -0.04 -0.11 -0.88
 -0.06 -0.09 -0.93
 0.04 -0.1 -0.89
 0.09 -0.18 -1.12
 -0.08 -0.05 -0.93
 -0.01 -0.19 -1.16
 0.03 -0.06 -0.85
 0.01 -0.18 -0.85
 0.02 -0.09 -1
 -0.02 -0.1 -1.12
 0.02 -0.1 -1.11
 -0.01 -0.07000000000000001 -0.87
 -0.05 -0.12 -1.35
 -0.01 -0.1 -0.93
 0.02 -0.06 -0.93
 -0.06 -0.15 -0.85
 -0.06 -0.09 -0.88
 0.02 -0.03 -1.31
 -0.01 -0.14 -0.83
 -0.07000000000000001 0.04 -1.05
 -0.09 -0.17 -1.12
 -0.01 0.07000000000000001 -1.05
 0 -0.06 -0.84
 -0.08 0 -1.11
 -0.04 -0.18 -0.7
 -0.06 -0.12 -1.03
 -0.04 -0.05 -1.13
 -0.08 -0.16 -0.93
 -0.01 -0.12 -1.32
 -0.11 -0.11 -1
 -0.06 -0.1 -0.8100000000000001
 -0.06 -0.04 -1.11
 -0.07000000000000001 -0.13 -0.98
 -0.03 -0.17 -0.63
 -0.09 -0.1 -1.19
 -0.1 -0.08 -1.16
 -0.03 -0.06 -0.83
 -0.03 0.03 -0.96
 -0.14 0.02 -1.22
 -0.08 -0.03 -0.72
 -0.02 -0.08 -1.08
 -0.07000000000000001 -0.01 -1.16
 -0.09 -0.05 -0.9399999999999999
 -0.06 -0.14 -1.16
 -0.06 -0.15 -0.88
 -0.07000000000000001 -0.05 -1.01
 -0.09 -0.17 -0.98
 -0.05 -0.11 -1.15
 -0.1 -0.22 -0.5600000000000001
 -0.06 -0.14 -0.93
 -0.06 -0.1 -1.18
 -0.04 -0.09 -0.87
 -0.05 -0.11 -1.11
 -0.11 -0.06 -1.17
 0.01 -0.08 -0.71
 -0.06 -0.13 -0.99
 -0.06 -0.01 -1.07
 -0.08 -0.08 -0.98
 -0.02 -0.11 -1.18
 -0.03 -0.09 -0.85
 -0.07000000000000001 -0.02 -0.87
 -0.02 -0.15 -1.18
 0 -0.11 -0.8100000000000001
 -0.09 -0.16 -0.8100000000000001
 -0.09 -0.15 -1.09
 -0.01 -0.1 -0.89
 0.06 -0.04 -1.26
 -0.06 -0.03 -0.73
 -0.06 0.03 -0.98
 0.02 -0.15 -1.09
 -0.01 -0.13 -0.99
 -0.03 -0.14 -1
 -0.03 -0.2 -1.08
 0 -0.15 -0.98
 0.03 0.06 -1.12
 -0.04 0.02 -1.16
 -0.07000000000000001 -0.05 -1.16
 0.01 -0.16 -0.89
 0.03 -0.07000000000000001 -0.87
 -0.01 -0.08 -1.02
 -0.02 -0.06 -0.88
 0 -0.16 -1.04
 0.01 -0.03 -0.8100000000000001
 -0.01 -0.03 -1.01
 -0.03 -0.1 -1.11
 0.03 -0.05 -0.99
 -0.03 -0.13 -0.98
 -0.01 -0.09 -0.96
 0.05 -0.07000000000000001 -0.97
 -0.04 -0.12 -1.14
 -0.06 -0.07000000000000001 -0.85
 0.04 -0.08 -1.04
 0.03 -0.13 -1.08
 -0.03 -0.11 -0.66
 -0.05 -0.15 -1.38
 0.01 -0.02 -0.82
 0.09 0.04 -1.08
 -0.03 -0.13 -0.85
 -0.06 -0.03 -0.8
 0.03 -0.08 -1.08
 0.04 -0.09 -1.11
 -0.06 -0.08 -0.92
 -0.05 -0.14 -1.03
 0.05 0.01 -1.03
 0.04 -0.06 -0.96
 -0.02 -0.06 -0.8100000000000001
 -0.04 -0.09 -1.32
 0.05 -0.08 -0.85
 0.02 -0.13 -1.01
 -0.04 -0.21 -1.22
 0.1 -0.08 -0.7
 0.04 -0.04 -0.9
 -0.05 -0.07000000000000001 -1.21
 -0.04 -0.04 -0.87
 0.1 -0.17 -1.15
 0.05 0 -1.04
 -0.11 -0.2 -0.65
 0.05 -0.06 -1.11
 0.07000000000000001 -0.08 -1.21
 -0.06 -0.04 -0.67
 -0.02 -0.07000000000000001 -1.06
 0.03 -0.07000000000000001 -0.83
 0.05 -0.09 -0.99
 -0.03 -0.1 -1.13
 0.01 -0.13 -0.9399999999999999
 0.08 0.04 -0.8
 -0.05 -0.16 -1.02
 -0.08 -0.18 -0.91
 0.07000000000000001 -0.12 -1.23
 0.03 -0.14 -0.8
 -0.02 0.09 -1.13
 -0.03 -0.13 -0.91
 0.03 -0.14 -0.91
 0.08 0.08 -1.04
 -0.03 -0.1 -0.75
 0.02 0 -1.11
 0.02 -0.16 -0.96
 0.02 -0.06 -1.13
 0.02 -0.06 -1.02
 0.09 -0.06 -0.97
 0.01 -0.11 -0.75
 0 -0.13 -0.92
 0.05 0.01 -1.12
 0.03 -0.13 -0.9
 0.02 0.04 -1.15
 0 0 -0.89
 0.03 -0.09 -1.09
 0.04 -0.05 -1
 0.04 -0.06 -0.92
 -0.02 -0.15 -0.9399999999999999
 0.03 -0.16 -0.96
 0.04 -0.06 -0.9399999999999999
 -0.02 -0.08 -1
 -0.06 -0.11 -0.93
 0.07000000000000001 -0.03 -0.9399999999999999
 0.01 -0.1 -0.89
 -0.05 -0.1 -1.12
 -0.06 -0.22 -1.04
 0.03 -0.13 -1.02
 0.01 -0.21 -1.08
 -0.07000000000000001 -0.08 -0.9
 -0.03 -0.07000000000000001 -1.19
 0.03 0.01 -0.92
 -0.02 0.13 -1.25
 -0.07000000000000001 -0.04 -0.89
 -0.03 -0.02 -1.02
 0.01 -0.09 -0.93
 -0.01 -0.13 -0.96
 -0.05 -0.13 -1.12
 -0.04 -0.28 -0.9399999999999999
 0.02 -0.09 -0.83
 -0.04 0.02 -1.19
 -0.07000000000000001 -0.08 -0.84
 -0.05 -0.12 -1.13
 -0.02 -0.05 -1.11
 -0.03 -0.23 -1.07
 -0.04 -0.03 -1.04
 -0.04 -0.05 -0.9399999999999999
 0 -0.04 -0.8100000000000001
 -0.07000000000000001 -0.03 -1.03
 -0.04 -0.06 -1.03
 -0.03 -0.03 -1.08
 -0.03 -0.07000000000000001 -0.75
 -0.02 -0.02 -1.22
 -0.03 -0.06 -1.1
 -0.03 -0.03 -1.01
 -0.03 -0.09 -1
 -0.05 -0.03 -1.18
 -0.08 -0.09 -1.15
 -0.03 -0.15 -0.83
 -0.01 -0.18 -0.84
 -0.04 -0.01 -1.21
 -0.01 -0.09 -1.17
 -0.03 -0.05 -0.85
 -0.01 -0.04 -1.31
 -0.03 -0.02 -1.01
 -0.06 -0.06 -0.97
 -0.03 -0.05 -1.17
 0.01 -0.04 -0.98
 -0.04 -0.2 -1.05
 -0.04 -0.01 -1.11
 0 -0.04 -1.08
 -0.06 -0.18 -0.92
 -0.07000000000000001 -0.01 -1.06
 -0.01 -0.08 -1.02
 0 -0.09 -0.89
 -0.08 -0.03 -1.33
 -0.09 -0.23 -0.9
 0.06 -0.12 -1.03
 -0.02 0 -0.98
 0 -0.1 -0.9399999999999999
 -0.03 -0.1 -1.04
 -0.02 -0.04 -1
 0 -0.06 -1.04
 0.01 -0.05 -1.12
 -0.01 -0.11 -1.01
 -0.08 -0.06 -1.08
 -0.04 -0.04 -1.05
 0.03 -0.19 -0.9
 0.04 -0.02 -0.84
 -0.05 -0.03 -1.06
 -0.05 -0.04 -1.11
 0.03 -0.07000000000000001 -0.73
 0.02 0 -0.9399999999999999
 0 -0.01 -1.03
 0.02 0.06 -0.92
 -0.05 -0.2 -0.92
 -0.01 -0.1 -1.04
 -0.02 -0.15 -1.04
 0.02 -0.15 -0.92
 0.03 0 -0.93
 -0.05 -0.11 -0.96
 0.01 -0.07000000000000001 -0.99
 0.02 -0.04 -1.18
 -0.03 -0.04 -0.96
 0.04 -0.03 -1.04
 0.03 -0.12 -0.98
 -0.01 -0.08 -0.91
 -0.06 -0.17 -1.12
 0.05 -0.14 -1.07
 0.07000000000000001 -0.25 -1.16
 -0.03 -0.05 -0.96
 -0.02 -0.13 -1.02
 0.07000000000000001 0 -0.87
 0.09 -0.03 -1
 -0.02 0.02 -0.8100000000000001
 0 -0.06 -1.1
 0.04 -0.03 -1.04
 0.03 -0.13 -1
 0.03 0.04 -1.05
 0 -0.12 -0.93
 0.03 0 -0.99
 0.1 -0.03 -0.92
 -0.01 -0.09 -0.99
 -0.02 0.01 -1.12
 0.06 -0.07000000000000001 -0.9
 0.05 0 -1.06
 -0.01 -0.06 -0.89
 0.05 0.11 -1.08
 0.08 0.02 -0.99
 0.02 -0.07000000000000001 -1.05
 0.02 0.02 -0.97
 0.05 -0.16 -0.7
 0.05 -0.08 -0.91
 0.01 -0.04 -1.06
 0.04 0.03 -1.23
 0.08 -0.08 -0.97
 0.01 -0.12 -1
 0.03 -0.09 -0.98
 0.1 -0.17 -0.95
 0.03 -0.19 -0.97
 0.03 0.02 -0.96
 0.05 0 -1.06
 0.12 -0.03 -0.86
 0.07000000000000001 0.04 -0.92
 0.03 -0.03 -0.83
 0.04 -0.09 -1.06
 0.07000000000000001 -0.15 -1.01
 0.09 0.02 -1.1
 0.03 -0.14 -1.24
 0.07000000000000001 -0.15 -1.09
 0.08 -0.06 -0.86
 0.11 -0.03 -0.72
 0.11 -0.08 -0.9399999999999999
 0.03 -0.11 -1.03
 0.08 0.08 -1.11
 0.11 -0.14 -0.88
 0.09 0.02 -1.13
 0.05 -0.14 -1.02
 0.12 -0.07000000000000001 -0.93
 0.11 -0.1 -0.97
 0.08 -0.06 -1.11
 0.09 -0.06 -1.08
 0.1 -0.02 -1.02
 0.09 0.03 -1.06
 0.08 -0.09 -0.9
 0.12 0.01 -1.07
 0.05 -0.09 -1.1
 0.08 -0.09 -1.13
 0.11 -0.16 -1.05
 0.15 0.08 -0.85
 0.09 -0.02 -0.8100000000000001
 0.01 -0.08 -1.12
 0.15 0.03 -0.96
 0.13 0.06 -0.87
 0.05 -0.01 -0.99
 0.02 -0.13 -1.34
 0.13 0.02 -0.71
 0.14 -0.03 -0.87
 0.03 -0.09 -0.95
 0.12 0 -1.02
 0.08 -0.05 -1.07
 0.07000000000000001 0.08 -1.17
 0.03 -0.07000000000000001 -1.03
 0.12 0.1 -1.1
 0.09 0.04 -1.04
 0.04 -0.11 -1.1
 0.09 -0.05 -0.91
 0.1 -0.07000000000000001 -1.09
 0.04 0.04 -0.97
 0.03 -0.03 -1.12
 0.08 -0.02 -0.76
 0.09 -0.08 -1.07
 0.03 -0.05 -0.9
 0.12 0.03 -0.83
 0.06 -0.03 -1.12
 0.07000000000000001 0 -1.11
 0.01 -0.06 -0.96
 0.05 0.03 -0.97
 0.1 -0.06 -0.95
 0.05 0.04 -0.8100000000000001
 0.01 -0.07000000000000001 -1.1
 0.01 -0.01 -1
 0.12 -0.08 -1.26
 0.03 -0.13 -0.76
 -0.02 0.04 -0.9
 0.02 0.07000000000000001 -1.1
 0.06 0 -1.13
 0.02 -0.06 -0.89
 -0.02 -0.07000000000000001 -1.11
 0.02 -0.05 -0.8100000000000001
 0.03 0.1 -1
 -0.02 -0.06 -0.6899999999999999
 0 0.07000000000000001 -1.19
 -0.01 0.03 -1.06
 0.04 -0.03 -1.01
 -0.03 0.06 -1.09
 -0.02 -0.11 -0.99
 0.06 0 -0.86
 0.01 0.04 -1.14
 0 0.07000000000000001 -0.8
 0.01 -0.01 -0.95
 0.04 -0.05 -1.21
 -0.02 -0.1 -0.79
 -0.01 0.04 -1.09
 0.02 -0.04 -0.95
 0.01 -0.06 -0.95
 -0.01 0.03 -0.75
 0.03 -0.02 -1.17
 -0.01 -0.07000000000000001 -0.88
 0 0.04 -1.25
 0 0.01 -0.96
 0 -0.13 -1.17
 0.01 0.14 -0.91
 -0.02 -0.01 -0.9399999999999999
 0.02 -0.01 -0.95
 -0.03 -0.03 -0.93
 -0.08 -0.14 -1.27
 -0.01 -0.14 -1.11
 -0.01 0.09 -0.82
 -0.04 0.05 -1.23
 -0.04 -0.01 -0.78
 0 0.02 -0.95
 -0.06 -0.04 -0.91
 -0.08 -0.03 -1.26
 -0.02 -0.08 -0.77
 -0.02 -0.03 -0.9
 -0.08 0.06 -0.85
 0.01 -0.04 -1.17
 -0.05 -0.06 -0.8
 -0.07000000000000001 -0.05 -1.1
 -0.02 0 -0.99
 -0.04 -0.04 -0.75
 -0.09 0.01 -1.06
 -0.05 0.08 -1.2
 -0.04 -0.04 -0.75
 -0.1 0 -1.03
 -0.1 -0.02 -1.07
 -0.06 -0.16 -0.83
 -0.08 -0.14 -1.06
 -0.12 0.03 -0.9
 -0.1 0.1 -1.04
 -0.1 0.06 -1.21
 -0.07000000000000001 0.15 -0.72
 -0.11 0.07000000000000001 -0.59
 -0.12 -0.09 -1.19
 -0.14 -0.18 -0.83
 -0.14 0 -1.05
 -0.11 -0.11 -0.93
 -0.11 0.01 -0.93
 -0.12 -0.1 -1.1
 -0.12 0.01 -1.06
 -0.15 0.02 -0.97
 -0.13 -0.02 -1.18
 -0.15 -0.1 -1.05
 -0.13 -0.09 -1.17
 -0.1 0.12 -0.9
 -0.14 -0.08 -0.98
 -0.13 0.01 -0.97
 -0.17 -0.07000000000000001 -1.12
 -0.15 -0.04 -0.95
 -0.11 0.06 -1.33
 -0.12 0 -0.75
 -0.14 -0.02 -1.13
 -0.13 0.09 -1.04
 -0.13 -0.09 -0.97
 -0.13 0.07000000000000001 -1.15
 -0.12 -0.18 -1.02
 -0.07000000000000001 -0.17 -0.67
 -0.09 0.01 -1.05
 -0.13 0.06 -1.12
 -0.16 -0.11 -0.85
 -0.07000000000000001 0.09 -1.13
 -0.08 -0.07000000000000001 -1.01
 -0.09 0.05 -0.92
 -0.12 0.04 -1.01
 -0.01 -0.02 -0.93
 -0.04 0.1 -1.12
 -0.13 -0.08 -0.7
 -0.1 -0.03 -1.15
 -0.05 -0.01 -1.01
 -0.04 -0.02 -0.92
 -0.13 -0.01 -1.05
 -0.1 -0.13 -1.04
 -0.01 0.07000000000000001 -1.02
 -0.05 0 -0.96
 -0.14 -0.08 -1.1
 -0.05 -0.02 -0.9
 0 -0.05 -1.16
 -0.05 -0.09 -0.97
 -0.07000000000000001 -0.04 -0.92
 -0.05 0.02 -1.03
 0.04 0.06 -0.99
 -0.02 -0.01 -0.85
 -0.07000000000000001 0.01 -1.14
 -0.01 -0.07000000000000001 -1.04
 -0.01 -0.05 -0.99
 0.01 -0.13 -1.05
 -0.01 -0.12 -0.88
 -0.02 -0.06 -1.21
 0.03 -0.06 -1.03
 0.08 0.1 -0.97
 -0.01 -0.07000000000000001 -0.77
 0.02 0.02 -1.05
 0.05 -0.09 -1.13
 0.04 -0.01 -1.2
 -0.02 -0.08 -0.96
 0.05 -0.01 -1.11
 0.08 -0.02 -0.8100000000000001
 0.02 -0.12 -0.88
 0.08 0.06 -1.01
 0.05 0.04 -0.92
 0.02 0.04 -1.3
 0.04 0.09 -1.01
 0.04 0.07000000000000001 -0.88
 0.03 -0.02 -0.72
 0.01 -0.09 -0.95
 0.06 0.01 -0.8
 0.05 0.1 -1.08
 0.04 -0.05 -1.14
 0.01 0.15 -1.05
 -0.02 0.02 -0.93
 0.09 -0.05 -1.11
 0.01 -0.14 -1.01
 0.05 -0.01 -1.13
 0.02 -0.1 -0.91
 0 -0.01 -1.07
 0.07000000000000001 -0.05 -1.2
 0.07000000000000001 -0.05 -0.86
 -0.02 0.04 -1.25
 -0.03 0 -1.05
 0.12 -0.07000000000000001 -1.04
 0.03 -0.05 -0.9399999999999999
 -0.01 0.08 -1.03
 0.02 -0.03 -0.83
 0.03 0.06 -1.27
 0.03 -0.03 -0.83
 0.02 0.01 -0.96
 -0.01 -0.09 -0.84
 0.08 0.08 -1.06
 0.01 0.07000000000000001 -1.01
 0.01 -0.03 -1.18
 0.02 -0.1 -0.86
 0.03 0.01 -0.87
 0 0 -1.07
 0 -0.08 -0.99
 0.01 -0.08 -1
 0.01 0.02 -0.9399999999999999
 0.02 -0.05 -1.07
 0.01 0.04 -1.08
 0.02 -0.06 -0.91
 -0.03 -0.01 -0.82
 0.02 -0.06 -1.11
 0.03 -0.01 -0.84
 0 0.09 -0.9
 -0.04 -0.07000000000000001 -1.08
 -0.01 0.04 -0.9399999999999999
 0.04 0.07000000000000001 -1.33
 -0.04 -0.04 -0.97
 -0.03 0.01 -0.98
 -0.02 -0.01 -0.9399999999999999
 0.03 -0.04 -1.04
 0.01 -0.05 -0.95
 -0.01 -0.01 -1.12
 -0.03 0.03 -0.99
 -0.01 -0.01 -1.03
 -0.01 0.04 -1.1
 -0.02 -0.02 -0.85
 -0.04 -0.14 -0.97
 -0.03 -0.09 -0.87
 -0.01 -0.13 -1.06
 -0.01 0.19 -1.14
 0 -0.04 -1
 -0.03 0.09 -0.85
 -0.03 0.07000000000000001 -1.22
 -0.01 0.14 -0.72
 -0.02 0.04 -1.05
 -0.02 -0.13 -0.95
 0.02 0.04 -0.65
 -0.03 0.03 -1.16
 -0.07000000000000001 -0.04 -1.12
 -0.01 0.03 -1.03
 -0.02 0 -1.04
 -0.01 0.13 -0.99
 -0.04 -0.16 -0.83
 0.01 0.05 -1.11
 -0.02 0.08 -0.83
 -0.05 -0.05 -1.26
 0 0.06 -1.11
 -0.02 -0.09 -0.8100000000000001
 0 -0.02 -0.93
 -0.02 0.01 -1.18
 0.03 0.08 -0.83
 0.01 0.03 -0.78
 -0.02 0.03 -1.25
 0.03 0.05 -0.8
 0.01 0.05 -1.14
 0 -0.07000000000000001 -1.13
 -0.03 -0.02 -0.9
 0 -0.06 -1.2
 0 -0.01 -0.75
 -0.03 -0.08 -1.12
 0.03 -0.04 -1.06
 0.06 -0.04 -0.73
 -0.01 -0.03 -1.38
 0.03 0.16 -0.6899999999999999
 0.04 -0.07000000000000001 -0.99
 0.03 0 -1.09
 -0.03 -0.06 -0.9
 -0.02 -0.11 -1.35
 0.09 -0.12 -0.99
 0.02 -0.18 -0.79
 0 0.01 -1.45
 0.03 0.03 -0.65
 -0.01 -0.05 -1.14
 0.03 -0.04 -0.97
 0.01 -0.1 -0.99
 0.02 0.03 -1.37
 -0.04 0.01 -0.89
 0.01 -0.02 -1.3
 0.08 -0.05 -1.06
 -0.01 0.01 -0.96
 0.01 0.13 -1.1
 0 -0.04 -0.77
 0.08 0.14 -0.96
 -0.02 0.04 -0.78
 -0.03 -0.08 -1.12
 0.03 0.04 -0.8100000000000001
 -0.01 -0.01 -0.82
 -0.02 -0.05 -1.15
 0.06 0.04 -0.8100000000000001
 -0.05 -0.03 -1.21
 -0.02 0.12 -0.9399999999999999
 0.01 0.11 -1.16
 0.01 0.09 -0.99
 -0.03 0.08 -0.95
 -0.06 -0.06 -0.92
 0.02 0.16 -0.86
 -0.04 0.11 -1.22
 -0.03 -0.06 -0.9
 0 -0.15 -1.12
 -0.04 -0.04 -1.3
 -0.08 0.01 -0.97
 -0.02 -0.05 -0.97
 -0.05 -0.11 -0.88
 -0.09 0 -0.83
 -0.03 0 -0.9399999999999999
 -0.01 0.05 -0.67
 -0.11 -0.01 -1.2
 -0.11 -0.01 -0.6899999999999999
 0 0.08 -0.9399999999999999
 -0.06 -0.07000000000000001 -1.19
 -0.1 0.01 -0.79
 -0.06 0.01 -1.1
 -0.06 0.09 -0.74
 -0.1 -0.04 -1.21
 -0.04 0.06 -0.87
 -0.06 -0.02 -1.06
 -0.07000000000000001 0.04 -1.21
 -0.07000000000000001 -0.03 -0.88
 -0.04 0.05 -1.29
 -0.01 0.08 -1
 -0.14 0.07000000000000001 -0.84
 -0.03 0.06 -1
 -0.02 0.14 -0.84
 -0.05 -0.04 -1.11
 -0.03 0.06 -1.03
 -0.08 -0.1 -1.03
 -0.05 0.05 -1.17
 -0.01 0.07000000000000001 -0.95
 -0.06 0 -1.05
 -0.01 0.15 -1.03
 -0.07000000000000001 -0.09 -1.1
 0.01 0.02 -1.18
 0 0.05 -0.98
 -0.12 0.01 -0.88
 -0.03 0.03 -1.13
 0.04 0.04 -0.98
 -0.01 0 -1
 -0.08 0.03 -1.22
 -0.02 0.09 -1.02
 0 -0.03 -1.06
 -0.08 -0.02 -1.11
 -0.03 -0.01 -0.87
 0.01 0.02 -1.25
 -0.07000000000000001 0.02 -0.96
 -0.04 -0.06 -0.83
 0.01 0.08 -1.16
 0.01 0.05 -0.53
 -0.05 0.01 -1.24
 -0.01 0.06 -1.24
 0.02 -0.1 -0.53
 -0.05 0.07000000000000001 -1.17
 -0.01 0.13 -0.96
 -0.01 -0.02 -0.49
 -0.05 -0.14 -1.31
 -0.02 -0.04 -0.99
 -0.03 -0.05 -0.87
 -0.06 -0.02 -1.41
 -0.04 0 -1.12
 -0.02 0.05 -0.54
 -0.01 -0.01 -1.18
 -0.06 -0.01 -1.21
 -0.06 0.1 -0.43
 -0.05 -0.14 -1.02
 -0.03 0.15 -1.28
 -0.02 -0.03 -0.7
 -0.08 0.02 -0.9399999999999999
 0.02 0 -1.13
 -0.04 0.11 -0.59
 -0.09 0.11 -1.08
 -0.03 0.02 -1.27
 -0.06 -0.14 -0.77
 -0.08 -0.05 -1.24
 -0.05 -0.08 -0.9
 -0.04 -0.02 -0.9
 -0.04 -0.06 -1.26
 -0.11 0.04 -0.73
 -0.04 -0.14 -1.11
 -0.06 0.12 -1.11
 -0.11 -0.05 -0.83
 -0.04 0.04 -1.1
 -0.09 -0.01 -0.61
 -0.1 0 -1.19
 -0.04 0.06 -0.9
 -0.08 -0.08 -1.14
 -0.11 0.17 -1.18
 -0.09 0.03 -0.65
 0 0.05 -1.14
 -0.08 0.02 -0.75
 -0.16 -0.05 -1.24
 -0.06 0.01 -1
 -0.05 -0.07000000000000001 -0.67
 -0.15 -0.1 -1.34
 -0.04 0.14 -0.76
 -0.07000000000000001 -0.11 -1.16
 -0.09 0.08 -1.02
 -0.14 -0.06 -0.93
 -0.1 -0.03 -1.26
 -0.07000000000000001 0.08 -1.09
 -0.14 -0.24 -0.62
 -0.1 0.04 -1.4
 -0.04 0.1 -0.77
 -0.15 -0.04 -0.97
 -0.1 0.09 -1.16
 -0.1 -0.07000000000000001 -0.76
 -0.15 -0.07000000000000001 -1.3
 -0.07000000000000001 0.04 -0.96
 -0.07000000000000001 0.04 -0.41
 -0.09 -0.01 -1.22
 -0.11 0.09 -0.8100000000000001
 -0.12 -0.02 -1.05
 -0.08 -0.05 -0.98
 -0.17 -0.02 -0.75
 -0.1 -0.03 -1.27
 -0.02 0.08 -0.6899999999999999
 -0.13 -0.06 -0.63
 -0.14 -0.02 -1.2
 -0.05 -0.06 -0.91
 -0.08 -0.03 -1.14
 -0.14 0.06 -0.78
 -0.1 -0.09 -1.3
 -0.08 -0.07000000000000001 -0.88
 -0.13 -0.19 -0.84
 -0.15 0.1 -1.12
 -0.08 -0.12 -0.89
 -0.05 -0.06 -0.8100000000000001
 -0.13 0 -1.03
 -0.11 0.06 -1
 -0.08 -0.15 -0.89
 -0.07000000000000001 0.02 -1.24
 -0.12 0.04 -0.68
 -0.14 -0.09 -1.16
 -0.06 -0.07000000000000001 -1.08
 -0.08 -0.08 -0.9
 -0.17 0.02 -1
 -0.08 0.04 -0.66
 -0.03 0.14 -1.3
 -0.17 0.01 -0.71
 -0.14 -0.01 -1.24
 -0.06 0.03 -0.97
 -0.08 -0.05 -0.8
 -0.18 0.01 -1.16
 -0.09 -0.05 -0.9
 -0.05 -0.03 -1.15
 -0.14 0.06 -0.89
 -0.16 -0.07000000000000001 -1.39
 -0.06 -0.02 -0.8100000000000001
 -0.03 -0.08 -0.87
 -0.19 -0.04 -1
 -0.08 -0.08 -0.8100000000000001
 -0.04 -0.02 -0.96
 -0.1 0.05 -1.02
 -0.15 -0.06 -1.03
 -0.1 -0.17 -0.8100000000000001
 -0.06 -0.01 -1.24
 -0.13 0.05 -0.82
 -0.07000000000000001 0.06 -1.2
 -0.04 0 -1.03
 -0.11 -0.02 -0.9399999999999999
 -0.09 0.07000000000000001 -1.01
 -0.13 -0.05 -1
 -0.04 -0.03 -0.85
 -0.05 -0.04 -1.12
 -0.09 -0.19 -0.99
 -0.14 -0.08 -1.01
 -0.05 -0.01 -1.12
 -0.04 0.03 -0.85
 -0.07000000000000001 -0.05 -1.11
 -0.07000000000000001 0.09 -1.16
 -0.02 -0.07000000000000001 -1.03
 -0.11 -0.06 -0.83
 -0.04 0.05 -1.12
 -0.01 -0.05 -0.8100000000000001
 -0.03 0.08 -1.2
 -0.08 0.03 -0.99
 -0.06 -0.05 -0.98
 0.03 0.02 -1.03
 -0.08 -0.05 -0.87
 -0.06 -0.08 -1.04
 -0.04 -0.04 -1.13
 -0.03 0 -1.13
 -0.08 -0.14 -0.82
 -0.06 -0.15 -1.31
 0.04 -0.12 -0.84
 -0.02 0.14 -0.88
 -0.06 -0.02 -0.76
 -0.04 0.01 -1.19
 0 0.09 -0.92
 -0.05 -0.09 -1.05
 -0.02 -0.02 -1.02
 -0.01 -0.12 -0.91
 -0.02 -0.26 -1.12
 -0.02 -0.02 -0.79
 -0.05 -0.05 -1.07
 0.03 0.01 -1
 -0.01 0.06 -1.03
 -0.04 0.04 -0.86
 0 -0.1 -1.04
 0.05 -0.1 -1.03
 0.01 0.15 -1.07
 -0.06 -0.07000000000000001 -1.05
 0.01 -0.09 -0.89
 0.07000000000000001 0.06 -0.85
 -0.02 -0.08 -1.09
 -0.09 -0.02 -0.87
 0.02 0.07000000000000001 -1.06
 0.04 -0.03 -1.07
 0 0.18 -0.91
 -0.04 -0.05 -1.24
 -0.02 -0.09 -0.99
 0.04 0.06 -0.8100000000000001
 -0.06 -0.07000000000000001 -1.43
 0.03 -0.05 -0.61
 0.03 -0.12 -0.83
 -0.02 0.12 -1.28
 0 0.03 -0.95
 0.04 -0.04 -1.19
 -0.01 0.07000000000000001 -1.13
 -0.13 -0.04 -0.71
 0.03 0.03 -1.36
 0.02 -0.13 -0.92
 -0.02 -0.12 -0.9399999999999999
 -0.08 0.06 -1.09
 -0.04 -0.06 -1.1
 0 -0.01 -1.04
 -0.02 -0.1 -0.93
 -0.01 -0.1 -1.09
 -0.02 0.01 -0.6899999999999999
 -0.06 -0.19 -1.45
 -0.03 -0.07000000000000001 -0.78
 -0.04 -0.07000000000000001 -0.9399999999999999
 -0.05 -0.03 -1.4
 -0.04 0.04 -0.49
 -0.05 0.03 -1.06
 0.03 0.15 -1.1
 -0.07000000000000001 -0.1 -0.82
 -0.02 -0.01 -1.09
 0 -0.08 -0.96
 -0.08 -0.15 -0.95
 0 -0.07000000000000001 -0.78
 0 0.04 -0.8100000000000001
 -0.05 -0.05 -0.95
 -0.05 0.13 -0.99
 -0.08 0.07000000000000001 -1.33
 0.01 0.05 -0.55
 -0.06 -0.04 -0.98
 -0.07000000000000001 0.02 -1.18
 -0.03 0.13 -0.71
 0 -0.12 -1.53
 -0.02 0.11 -0.8100000000000001
 -0.11 0.02 -0.86
 0.02 0.04 -1.11
 -0.05 -0.18 -0.85
 -0.04 0.1 -1.08
 -0.08 0.1 -0.95
 -0.02 -0.07000000000000001 -1.08
 -0.01 0.13 -0.95
 -0.12 -0.07000000000000001 -1.15
 -0.04 -0.05 -0.82
 -0.06 0.01 -1.1
 -0.02 0.03 -1.01
 -0.07000000000000001 0.1 -0.71
 -0.08 -0.03 -1.37
 -0.06 0.05 -0.99
 -0.04 -0.03 -0.53
 -0.06 -0.14 -1.09
 -0.1 -0.05 -1.22
 -0.06 -0.04 -1.17
 -0.04 0.12 -0.93
 -0.08 -0.11 -1.4
 -0.09 0.17 -0.98
 -0.1 0.06 -0.49
 -0.08 0.02 -1.38
 -0.07000000000000001 -0.01 -0.96
 -0.09 0.03 -0.66
 -0.09 0.15 -1.25
 -0.1 -0.13 -1.02
 -0.03 0.16 -0.82
 -0.11 -0.07000000000000001 -0.8100000000000001
 -0.12 -0.01 -1.13
 -0.14 -0.06 -0.83
 -0.06 -0.08 -1.16
 -0.11 -0.01 -1.08
 -0.16 -0.12 -0.92
 -0.05 -0.03 -1.16
 -0.11 0.04 -0.85
 -0.14 0.05 -0.99
 -0.13 -0.06 -0.96
 -0.03 -0.01 -0.76
 -0.11 0.02 -1.15
 -0.19 0.02 -1.08
 -0.05 0.04 -0.89
 -0.06 -0.09 -1.2
 -0.17 0 -0.59
 -0.05 -0.12 -0.98
 -0.03 -0.05 -0.88
 -0.17 -0.04 -1.03
 -0.13 -0.07000000000000001 -1.27
 -0.02 -0.08 -1.01
 -0.01 0.05 -0.86
 -0.17 -0.06 -1.06
 -0.06 0.01 -0.77
 0 0.07000000000000001 -1.34
 -0.12 -0.06 -0.79
 -0.11 0.03 -1.08
 -0.04 -0.02 -1.03
 -0.05 -0.03 -0.78
 -0.09 0.07000000000000001 -1.15
 -0.09 -0.03 -1.07
 -0.01 -0.03 -0.9399999999999999
 -0.07000000000000001 0.03 -1.25
 -0.09 -0.09 -0.8100000000000001
 0 0.02 -1.06
 0 0 -1.26
 -0.08 -0.09 -0.79
 -0.04 0.05 -1.15
 0 -0.16 -0.8100000000000001
 -0.03 -0.04 -1.14
 -0.05 0.02 -0.79
 -0.04 -0.13 -1.31
 -0.05 0.02 -0.67
 -0.01 0.15 -1.11
 -0.06 -0.06 -1.13
 0.03 0.04 -0.87
 -0.03 -0.06 -1.23
 -0.05 0.05 -0.97
 0.01 0.08 -0.93
 -0.01 0.05 -1.12
 0.01 0.02 -0.71
 -0.02 -0.01 -1.04
 -0.08 -0.01 -1.28
 -0.03 -0.08 -0.75
 0.01 -0.07000000000000001 -1.23
 -0.07000000000000001 -0.02 -0.84
 -0.03 0.04 -1.18
 0 0.09 -1.05
 -0.04 -0.07000000000000001 -0.48
 -0.04 0.05 -1.37
 -0.07000000000000001 -0.06 -0.79
 -0.01 -0.07000000000000001 -0.96
 -0.06 -0.14 -1.08
 -0.08 -0.07000000000000001 -0.9
 -0.05 -0.18 -0.92
 -0.01 0.11 -1.11
 -0.12 -0.01 -1.21
 -0.06 -0.02 -0.86
 -0.01 -0.01 -0.93
 -0.08 -0.09 -1.01
 -0.1 0.03 -1.04
 -0.04 -0.19 -1.23
 -0.03 0.03 -0.84
 -0.09 0.09 -0.98
 -0.06 0.11 -1.15
 -0.01 0 -0.6
 -0.05 0.01 -1.18
 -0.14 -0.06 -0.87
 -0.04 -0.05 -0.9
 0.01 -0.09 -1.06
 -0.07000000000000001 -0.01 -0.78
 -0.07000000000000001 -0.08 -1.23
 -0.03 0.01 -0.72
 -0.04 -0.1 -1.43
 -0.09 -0.11 -0.85
 -0.09 -0.13 -1.03
 -0.04 -0.06 -1.01
 -0.06 -0.06 -0.84
 -0.14 -0.01 -1.09
 0.03 -0.04 -0.9399999999999999
 -0.04 -0.01 -1.03
 -0.1 0.02 -1.02
 -0.1 -0.01 -1.08
 0.01 -0.06 -1.04
 -0.03 0.09 -1.06
 -0.12 -0.02 -1.18
 -0.09 0 -0.87
 -0.03 -0.03 -1.2
 -0.01 -0.06 -0.71
 -0.09 0.08 -0.87
 -0.05 -0.02 -1.45
 -0.03 0.06 -0.35
 -0.09 -0.04 -1.16
 -0.08 0.08 -1.02
 -0.06 -0.11 -0.63
 -0.05 0 -1.13
 -0.07000000000000001 -0.09 -1.14
 -0.11 -0.04 -1.1
 -0.02 0.16 -0.67
 -0.04 -0.02 -1.21
 -0.11 0 -0.77
 -0.05 -0.05 -1.06
 -0.09 -0.03 -1.18
 -0.07000000000000001 -0.11 -0.61
 -0.11 -0.02 -1.23
 -0.08 -0.06 -0.8100000000000001
 -0.02 -0.06 -1.21
 -0.1 0.03 -0.96
 -0.07000000000000001 -0.11 -0.82
 -0.04 0.11 -1.03
 -0.07000000000000001 -0.11 -0.98
 -0.09 0.01 -1.16
 -0.08 0.04 -1.14
 -0.07000000000000001 0.04 -0.91
 -0.09 0.01 -0.91
 -0.09 -0.06 -1.07
 -0.03 0 -0.75
 -0.03 -0.01 -1.23
 -0.1 0.02 -0.85
 -0.05 -0.05 -1.1
 -0.01 -0.04 -1.04
 -0.07000000000000001 0.07000000000000001 -0.9399999999999999
 -0.07000000000000001 -0.15 -0.89
 -0.06 -0.1 -1.16
 -0.02 -0.01 -0.95
 -0.09 0.03 -0.96
 -0.04 0.05 -1.31
 -0.01 0.14 -0.82
 -0.07000000000000001 0.01 -1.07
 -0.05 0.07000000000000001 -1.27
 -0.03 -0.09 -0.62
 0.02 0.03 -0.82
 -0.11 -0.25 -0.91
 -0.05 -0.01 -1.19
 -0.01 -0.04 -0.64
 -0.03 0.1 -1.09
 -0.1 -0.07000000000000001 -1.12
 -0.06 0.04 -0.73
 0.02 -0.08 -1.01
 -0.12 -0.06 -1.06
 -0.09 -0.02 -1.44
 0 0.06 -0.46
 -0.02 -0.13 -0.8
 -0.09 0.06 -1.14
 -0.04 -0.17 -0.95
 -0.04 0 -1.06
 -0.06 0.01 -0.88
 -0.06 -0.07000000000000001 -1.31
 -0.04 0.18 -0.91
 -0.06 0 -0.82
 -0.1 -0.1 -0.95
 0.01 0.01 -0.88
 -0.08 -0.11 -0.75
 -0.09 -0.06 -1.12
 -0.07000000000000001 0.1 -1.12
 -0.11 -0.11 -1.08
 -0.04 0 -0.57
 -0.05 0.02 -0.76
 -0.13 0.02 -1.2
 -0.08 -0.15 -1.38
 0.02 0.01 -0.65
 -0.16 -0.04 -1.24
 -0.07000000000000001 -0.02 -0.44
 -0.05 -0.14 -0.91
 -0.09 0 -1.29
 -0.1 -0.03 -0.43
 -0.05 -0.06 -1.06
 -0.08 -0.04 -0.95
 -0.14 -0.1 -1.02
 -0.04 0.01 -0.93
 -0.02 -0.01 -0.86
 -0.12 0.03 -0.88
 -0.1 0.11 -1.43
 -0.01 -0.1 -0.54
 -0.04 -0.13 -1.05
 -0.15 0 -1.06
 -0.08 0.02 -0.84
 -0.03 0.14 -0.93
 -0.08 0.02 -0.97
 -0.12 0.12 -1.25
 -0.05 0.05 -0.3
 -0.04 -0.03 -1.28
 -0.14 0.03 -1.09
 -0.07000000000000001 0.04 -0.9
 -0.09 0 -1.11
 -0.03 0 -0.8
 -0.12 -0.07000000000000001 -0.78
 -0.1 -0.01 -1.49
 -0.02 -0.02 -1.08
 -0.09 -0.01 -0.89
 -0.14 -0.01 -1.08
 -0.02 -0.05 -0.47
 -0.12 -0.12 -0.93
 -0.11 -0.1 -1.19
 -0.01 0.12 -0.98
 -0.09 0.01 -1.46
 -0.15 0.11 -0.91
 -0.03 -0.05 -0.2
 -0.03 -0.02 -0.72
 -0.08 -0.01 -1.31
 -0.15 -0.1 -0.83
 -0.04 0.06 -1.34
 -0.03 -0.11 -1.22
 -0.15 0.02 -0.95
 -0.1 -0.08 -1.02
 -0.02 0.09 -0.9399999999999999
 -0.05 -0.05 -0.59
 -0.14 0.01 -0.97
 -0.1 -0.14 -1.07
 -0.02 -0.03 -1.22
 -0.1 0.02 -1.4
 -0.11 0.11 -0.5600000000000001
 -0.06 0.11 -0.98
 -0.04 0.01 -0.97
 -0.09 0 -0.78
 -0.11 -0.06 -1.09
 -0.04 -0.01 -1.09
 -0.08 -0.01 -1.52
 -0.09 -0.05 -0.96
 -0.13 -0.15 -0.5600000000000001
 -0.06 -0.23 -1.22
 -0.07000000000000001 -0.05 -0.73
 -0.14 -0.1 -1.05
 -0.07000000000000001 -0.12 -0.99
 -0.1 -0.16 -0.93
 -0.13 0.02 -1.48
 -0.07000000000000001 0 -1.18
 -0.13 -0.16 -0.9
 -0.11 -0.03 -1.01
 -0.06 -0.12 -0.99
 -0.1 -0.13 -0.74
 -0.11 -0.04 -0.97
 -0.14 -0.01 -0.93
 -0.1 -0.11 -1.41
 -0.11 0.03 -1.04
 -0.2 -0.21 -0.98
 -0.13 -0.22 -1.09
 -0.09 -0.16 -0.9399999999999999
 -0.18 0 -1.15
 -0.13 -0.09 -1.06
 -0.11 -0.14 -0.66
 -0.16 -0.13 -1.08
 -0.15 0.06 -0.76
 -0.16 -0.04 -1.27
 -0.16 -0.02 -0.82
 -0.15 -0.02 -1.23
 -0.14 0 -1.15
 -0.11 0.14 -0.85
 -0.19 -0.09 -1.05
 -0.13 -0.01 -0.85
 -0.12 -0.02 -0.8100000000000001
 -0.18 0.01 -1.22
 -0.21 -0.21 -1.02
 -0.13 -0.09 -1.09
 -0.11 -0.17 -0.87
 -0.18 -0.15 -1.13
 -0.13 -0.17 -1.35
 -0.13 -0.11 -0.87
 -0.18 -0.06 -0.95
 -0.11 -0.06 -1.24
 -0.18 -0.08 -1.02
 -0.14 -0.03 -1.15
 -0.1 -0.01 -0.77
 -0.16 -0.07000000000000001 -0.3
 -0.14 -0.13 -1.25
 -0.16 -0.01 -1.21
 -0.16 -0.14 -0.8100000000000001
 -0.1 -0.03 -1.18
 -0.13 0.08 -0.61
 -0.2 -0.17 -0.74
 -0.11 -0.03 -1.47
 -0.09 -0.05 -0.88
 -0.22 -0.14 -0.9
 -0.12 -0.26 -1.19
 -0.03 0.01 -1.08
 -0.17 -0.06 -1.19
 -0.19 0.06 -1.17
 -0.04 -0.14 -0.23
 -0.11 -0.09 -1.03
 -0.15 0.02 -1.12
 -0.13 -0.11 -0.87
 -0.1 -0.1 -0.9
 -0.13 -0.01 -0.71
 -0.1 -0.1 -1.07
 -0.13 -0.04 -0.9399999999999999
 -0.15 -0.05 -1.04
 -0.1 -0.14 -1.29
 -0.06 -0.04 -0.65
 -0.16 -0.13 -1.13
 -0.15 -0.07000000000000001 -1.21
 -0.07000000000000001 -0.03 -0.97
 -0.04 0.12 -1.23
 -0.17 -0.19 -0.11
 -0.13 -0.11 -0.89
 -0.02 -0.1 -1.22
 -0.07000000000000001 -0.03 -0.41
 -0.13 0 -0.88
 -0.05 -0.12 -0.77
 -0.03 -0.18 -0.86
 -0.06 0.04 -1.37
 -0.11 -0.04 -0.83
 -0.04 -0.11 -1.18
 -0.02 -0.11 -0.9399999999999999
 -0.09 -0.07000000000000001 -0.96
 -0.08 -0.22 -1.07
 0 0 -0.99
 -0.05 -0.19 -0.89
 0.03 -0.08 -0.9
 -0.09 -0.09 -0.85
 -0.07000000000000001 -0.15 -1.43
 0 -0.05 -0.82
 0 -0.11 -0.91
 -0.04 -0.14 -1.19
 -0.02 -0.06 -0.48
 0.02 -0.05 -1.21
 0.03 -0.08 -0.98
 -0.05 0 -1.19
 -0.06 -0.02 -1.2
 0.06 -0.08 -0.73
 0.01 -0.14 -0.7
 0 -0.08 -0.93
 -0.02 -0.07000000000000001 -1.25
 0.01 -0.04 -1.16
 0.04 0.09 -1.13
 -0.03 0.09 -0.47
 -0.03 -0.19 -0.91
 -0.01 -0.18 -1.22
 0.05 -0.12 -0.97
 -0.03 0.02 -0.86
 -0.03 -0.01 -1.34
 0 -0.05 -1.18
 0.01 0.09 -0.87
 -0.03 -0.12 -1.01
 -0.04 -0.25 -1.37
 -0.01 0.01 -0.86
 0.02 -0.3 -0.29
 -0.01 -0.13 -0.84
 -0.03 0.03 -1.33
 -0.05 0.01 -1.24
 0.02 0 -0.71
 0.01 -0.11 -0.97
 -0.05 -0.15 -1.44
 -0.05 -0.03 -1.07
 0.07000000000000001 -0.08 -0.34
 -0.03 -0.14 -0.86
 -0.04 -0.01 -1.35
 -0.01 -0.17 -1.15
 0.06 -0.11 -0.5
 -0.02 0.15 -0.62
 -0.06 -0.15 -1.4
 0.02 -0.03 -1.56
 0.01 -0.01 -0.91
 -0.04 0.02 -0.63
 0 -0.14 -1.16
 -0.03 -0.15 -1.4
 0 -0.18 -1.22
 0.05 0.11 -0.75
 0.03 0.05 -0.41
 -0.06 -0.02 -0.61
 0.02 -0.02 -1.2
 0.06 -0.13 -1.12
 -0.06 -0.16 -0.59
 0.03 0.02 -0.64
 0.09 0.03 -0.9
 -0.01 -0.01 -0.82
 -0.04 0.03 -1.24
 0.04 -0.13 -1.17
 0 -0.03 -1.03
 0 -0.15 -0.64
 0.02 -0.15 -0.9
 0 0.07000000000000001 -1.21
 -0.02 -0.13 -1.14
 -0.03 -0.01 -1.57
 0 -0.1 -0.86
 0.01 0.03 -0.82
 0.04 -0.12 -0.64
 0.01 -0.13 -1.09
 -0.03 0.13 -1.17
 0.02 -0.1 -1.22
 0.02 0.11 -1.46
 -0.04 -0.23 -0.65
 0.02 0.03 -0.65
 0.03 0.14 -0.9399999999999999
 -0.03 0.06 -1.21
 -0.06 -0.02 -0.99
 0.01 -0.2 -1.15
 0 0.14 -1.23
 -0.03 -0.08 -0.7
 -0.02 0 -0.9
 0.03 -0.18 -0.98
 0 -0.05 -1.17
 -0.07000000000000001 0.07000000000000001 -0.6899999999999999
 -0.01 -0.1 -0.83
 0.01 0.07000000000000001 -0.6899999999999999
 -0.07000000000000001 -0.07000000000000001 -1.02
 -0.04 -0.21 -1.33
 -0.06 0 -1.2
 -0.04 -0.09 -0.87
 -0.05 -0.01 -0.35
 0.03 -0.06 -0.85
 -0.01 -0.04 -0.57
 -0.05 0.07000000000000001 -0.83
 -0.05 -0.01 -1.2
 -0.01 -0.04 -1.04
 -0.08 -0.09 -0.63
 -0.09 -0.13 -1.02
 -0.01 0.05 -1.06
 -0.07000000000000001 -0.15 -0.93
 -0.09 -0.11 -0.85
 0.06 0.04 -1.04
 -0.02 -0.08 -0.71
 -0.13 -0.1 -0.71
 0.01 0.08 -1.23
 -0.03 0.1 -0.75
 -0.11 0 -0.98
 -0.04 -0.05 -1.51
 -0.02 -0.17 -0.97
 -0.08 -0.08 -1.1
 -0.07000000000000001 -0.2 -0.84
 -0.01 -0.19 -0.9399999999999999
 0 -0.07000000000000001 -0.73
 -0.08 -0.03 -0.76
 -0.07000000000000001 -0.02 -1.21
 0.01 0.1 -1.11
 -0.08 0.03 -0.97
 -0.11 0 -0.9
 -0.04 -0.08 -1.05
 -0.02 -0.01 -1.05
 -0.13 -0.14 -0.92
 -0.07000000000000001 0.03 -1.29
 0 -0.19 -1.18
 -0.05 0 -0.71
 -0.12 -0.09 -0.59
 -0.04 -0.03 -1.23
 -0.06 0.01 -0.77
 -0.15 0.04 -1.47
 -0.11 -0.19 -1.29
 -0.02 -0.17 -0.82
 -0.11 -0.09 -0.96
 -0.03 -0.11 -0.72
 -0.01 -0.1 -0.89
 -0.1 0.03 -0.8
 -0.15 -0.01 -1.17
 -0.07000000000000001 -0.17 -1.18
 -0.07000000000000001 0.02 -1.11
 -0.1 0.17 -1.02
 -0.06 -0.16 -0.6
 -0.07000000000000001 -0.07000000000000001 -1.23
 -0.14 -0.07000000000000001 -0.93
 -0.07000000000000001 -0.12 -0.57
 -0.02 -0.02 -1.37
 -0.09 -0.13 -1.04
 -0.12 0.08 -0.63
 -0.05 -0.05 -1.09
 -0.06 -0.13 -1.22
 -0.1 0.11 -1
 -0.13 -0.16 -1.15
 -0.06 -0.06 -1.16
 -0.07000000000000001 -0.1 -1.18
 -0.11 0.09 -0.87
 -0.06 -0.13 -0.4
 -0.04 -0.09 -1.1
 -0.02 0.09 -0.73
 -0.06 0.03 -0.51
 -0.04 0.18 -0.89
 -0.06 -0.03 -1.25
 -0.12 -0.02 -1.45
 -0.05 -0.07000000000000001 -0.73
 -0.02 -0.05 -0.79
 -0.07000000000000001 0 -1.43
 -0.01 -0.09 -1.04
 -0.09 -0.03 -1.1
 -0.1 -0.09 -1.14
 -0.01 -0.16 -0.83
 -0.04 -0.23 -1.11
 -0.06 -0.09 -0.88
 0.02 -0.16 -0.32
 0.01 -0.06 -1.1
 -0.08 -0.14 -0.84
 -0.06 -0.04 -0.88
 0.02 -0.22 -0.79
 -0.05 0.14 -0.5600000000000001
 -0.04 0.01 -1.3
 0.01 0.09 -1.28
 -0.06 0.13 -0.84
 -0.1 -0.13 -0.86
 -0.01 -0.11 -1.02
 -0.08 0.05 -1.33
 -0.07000000000000001 -0.01 -1.19
 -0.04 -0.13 -0.74
 -0.09 -0.25 -0.88
 -0.07000000000000001 -0.1 -1.34
 0 0.03 -1.1
 -0.08 -0.1 -0.32
 -0.05 -0.22 -0.43
 -0.05 -0.04 -1.03
 -0.08 -0.15 -1.04
 -0.04 -0.14 -1
 -0.03 -0.25 -0.29
 -0.03 -0.01 -0.64
 -0.07000000000000001 0.11 -1.59
 -0.06 0.09 -0.73
 0 0.07000000000000001 -0.5
 -0.07000000000000001 0.02 -1.31
 -0.04 0.01 -1.29
 0 -0.11 -1.34
 -0.09 -0.22 -1.23
 -0.04 -0.1 -0.64
 -0.01 -0.13 -1.45
 -0.1 -0.11 -1.05
 -0.05 -0.2 -0.99
 -0.04 -0.16 -1.06
 -0.04 0.06 -0.78
 -0.01 0.17 -0.99
 0.02 -0.09 -0.8100000000000001
 -0.07000000000000001 -0.03 -0.45
 -0.1 -0.08 -1
 0.03 -0.13 -0.76
 -0.05 -0.03 -1.01
 -0.11 0.04 -1.09
 0.02 -0.08 -1.07
 -0.07000000000000001 -0.07000000000000001 -0.98
 -0.15 0.02 -1.23
 -0.01 -0.14 -0.9
 0.08 -0.2 -0.62
 -0.17 -0.27 -0.82
 -0.04 0.04 -0.92
 0.12 -0.03 -1.04
 -0.13 -0.07000000000000001 -0.9
 -0.1 -0.11 -0.62
 0.05 0 -1.27
 -0.08 0.05 -1.21
 -0.11 -0.01 -0.9
 0.03 0.07000000000000001 -0.68
 -0.01 0.05 -0.68
 -0.13 -0.1 -1.27
 -0.01 -0.02 -1.45
 0.01 -0.23 -0.61
 -0.07000000000000001 -0.05 -0.46
 -0.04 -0.06 -1.18
 -0.07000000000000001 0.03 -1.14
 0.01 -0.1 -1.26
 -0.03 0.05 -1.35
 -0.07000000000000001 -0.26 -0.53
 0.03 -0.09 -0.85
 -0.02 -0.02 -1.45
 -0.08 -0.09 -0.96
 -0.01 -0.16 -1
 -0.01 -0.19 -1.27
 -0.04 -0.05 -0.49
 0.03 0.07000000000000001 -1.17
 -0.03 0.08 -0.96
 -0.03 -0.1 -0.55
 -0.08 -0.12 -0.99
 0.06 -0.1 -1.01
 0.02 -0.17 -0.74
 -0.11 0.06 -0.84
 0 -0.02 -1.15
 0.02 -0.19 -0.88
 -0.13 0.06 -1.18
 -0.01 -0.14 -1.16
 0.08 -0.19 -0.62
 -0.07000000000000001 0.05 -0.99
 -0.1 0.11 -1.43
 0.08 0.16 -1.15
 -0.06 0 -0.92
 -0.12 0.01 -0.83
 0 -0.07000000000000001 -0.73
 0.01 -0.1 -1.32
 -0.14 0.15 -1.44
 -0.07000000000000001 -0.06 -0.67
 0.03 -0.15 -0.54
 -0.07000000000000001 0.04 -1.1
 -0.07000000000000001 0.01 -1.18
 -0.05 0.01 -1.28
 -0.02 0.05 -1.16
 -0.1 -0.1 -0.73
 -0.02 -0.09 -0.8100000000000001
 -0.08 -0.05 -1.44
 -0.08 -0.08 -1.22
 -0.04 -0.07000000000000001 -0.9
 -0.08 0.05 -0.99
 -0.09 -0.02 -1.15
 -0.07000000000000001 -0.2 -1.17
 -0.14 -0.13 -1.5
 -0.05 -0.08 -1.38
 -0.01 -0.05 -0.73
 -0.09 0.01 -0.73
 -0.18 -0.09 -1.43
 -0.02 -0.13 -1.01
 -0.07000000000000001 0.12 -1.21
 -0.07000000000000001 0.01 -0.99
 -0.07000000000000001 0.04 -1.01
 -0.07000000000000001 0.11 -0.43
 -0.05 -0.12 -0.83
 -0.13 -0.11 -1.44
 -0.17 0.07000000000000001 -1.2
 0.03 -0.18 -0.61
 -0.01 0.06 -0.41
 -0.18 -0.03 -1.2
 -0.08 -0.16 -1.13
 0.03 0.05 -0.9
 -0.19 -0.14 -1.4
 -0.07000000000000001 0.02 -1.41
 0.03 -0.06 -1.31
 -0.08 0.15 -1.17
 -0.06 -0.1 -0.45
 0.01 -0.05 -0.18
 -0.09 -0.24 -1.64
 -0.07000000000000001 -0.06 -1.31
 -0.01 0.06 -1.11
 -0.09 -0.06 -0.92
 -0.02 -0.13 -0.82
 0 0.05 -1.16
 -0.07000000000000001 0.06 -1.33
 0 -0.18 -0.09
 0.02 0.07000000000000001 -0.15
 -0.16 -0.01 -0.76
 0.01 -0.16 -0.93
 0.01 -0.05 -1.43
 -0.04 0.01 -0.93
 0.04 -0.1 -0.88
 -0.04 -0.02 -1.22
 -0.08 -0.07000000000000001 -1.39
 0.11 -0.1 -1.12
 -0.06 0.07000000000000001 -0.41
 -0.02 -0.03 -0.45
 0.05 -0.08 -1.61
 -0.11 -0.13 -1.46
 -0.01 -0.11 -0.99
 0.05 0.04 -0.8
 0 -0.07000000000000001 -0.49
 0.04 0.01 -0.74
 -0.02 -0.07000000000000001 -1.12
 -0.09 0 -0.78
 0.04 0.02 -0.73
 0.04 -0.06 -0.73
 -0.02 -0.12 -0.75
 -0.02 0.02 -1.25
 0 -0.07000000000000001 -1.21
 0.03 -0.15 -0.64
 -0.03 0.13 -0.87
 0 0.05 -0.7
 0.05 -0.06 -0.7
 0.02 0.04 -0.7
 -0.03 -0.01 -0.97
 0.02 -0.31 -0.99
 0.04 0.02 -0.97
 0 -0.09 -0.78
 0.01 -0.1 -0.68
 -0.01 0 -0.93
 0.02 -0.02 -1.13
 0.04 -0.24 -0.44
 -0.03 -0.06 -0.6
 0.08 0.1 -0.45
 0.03 -0.04 -0.9
 -0.06 -0.04 -1.16
 0 -0.03 -1.05
 0.07000000000000001 -0.1 -0.83
 -0.04 0.01 -0.93
 -0.03 -0.1 -1.16
 0 0.02 -1.42
 -0.03 0.04 -0.85
 -0.04 -0.13 -0.37
 0.01 -0.19 -0.74
 -0.06 0.11 -1.41
 -0.02 0.05 -1.35
 -0.01 -0.03 -0.8
 -0.08 -0.08 -0.64
 -0.1 -0.18 -1.21
 0.08 -0.23 -0.9
 -0.06 -0.09 -0.57
 -0.06 -0.03 -0.54
 0.02 -0.14 -1.23
 -0.04 0.05 -1.59
 -0.02 0.06 -0.8100000000000001
 -0.01 -0.11 -0.45
 -0.02 -0.1 -0.79
 -0.03 0.09 -1.22
 -0.05 -0.1 -1.11
 0 -0.07000000000000001 -0.71
 -0.05 -0.14 -0.62
 -0.09 -0.1 -1.37
 -0.01 -0.1 -1.39
 -0.07000000000000001 0.04 -0.92
 -0.05 -0.1 -0.38
 -0.02 -0.02 -0.8100000000000001
 -0.02 0.05 -1.2
 -0.03 0.05 -0.91
 -0.02 -0.13 -0.39
 0 -0.08 -0.55
 -0.11 -0.2 -1.26
 -0.14 -0.17 -1.66
 0.07000000000000001 0.09 -1.04
 -0.07000000000000001 -0.03 -0.84
 -0.2 0 -1.49
 0.03 0.01 -1.18
 -0.02 -0.06 -1.05
 -0.12 -0.12 -0.66
 0.04 -0.05 -0.62
 -0.04 -0.05 -1.48
 -0.11 -0.05 -1.01
 -0.01 -0.12 -0.35
 -0.13 -0.05 -0.88
 -0.1 -0.26 -0.97
 0 -0.04 -1.1
 -0.12 -0.05 -0.6
 -0.11 -0.12 -0.98
 -0.03 0.04 -1.42
 -0.18 -0.05 -1.52
 -0.05 -0.08 -0.71
 -0.01 -0.08 -1.1
 -0.12 -0.06 -1.09
 -0.07000000000000001 0.04 -0.92
 -0.02 -0.26 -0.29
 -0.11 -0.01 -0.48
 -0.09 -0.16 -1.09
 -0.05 -0.01 -1.14
 -0.17 -0.05 -0.68
 -0.06 -0.08 -1.4
 -0.06 -0.13 -1.18
 -0.14 -0.19 -0.61
 -0.03 -0.13 -0.5
 -0.08 -0.02 -1.05
 -0.15 0.02 -1.02
 -0.07000000000000001 -0.15 -0.76
 -0.15 -0.06 -1.54
 -0.12 -0.12 -1.03
 -0.05 -0.02 -0.73
 -0.07000000000000001 0.05 -0.43
 -0.16 -0.13 -1.09
 -0.06 0.03 -1.02
 -0.08 -0.21 -0.84
 -0.1 -0.02 -0.99
 -0.12 0.13 -1.53
 -0.08 0.16 -1.22
 -0.06 -0.17 -0.36
 -0.13 -0.12 -0.45
 -0.1 -0.22 -1.24
 -0.04 -0.18 -1.34
 -0.13 -0.03 -0.9
 -0.05 0.03 -0.44
 -0.06 -0.06 -0.64
 -0.12 0.01 -1.48
 -0.06 -0.13 -1.28
 0.06 0.02 -0.36
 -0.09 -0.12 -0.1
 -0.08 0.04 -0.62
 -0.03 -0.1 -1.27
 -0.1 -0.07000000000000001 -1.34
 -0.08 0.04 -0.67
 0.03 -0.1 -0.79
 -0.12 -0.06 -1.48
 -0.1 0.06 -1.57
 0.02 -0.03 -1.05
 -0.05 -0.12 -0.34
 -0.05 0.06 -0.61
 0 -0.12 -1.08
 -0.06 -0.04 -1.11
 -0.09 0 -0.9
 0.03 -0.1 -0.72
 -0.01 -0.06 -1.04
 -0.07000000000000001 -0.07000000000000001 -1.45
 0.06 -0.02 -1
 -0.06 -0.13 -0.42
 -0.02 0.05 -0.6
 0.06 -0.09 -0.74
 -0.06 -0.13 -1.21
 -0.02 0.06 -0.91
 0.08 -0.3 -0.9
 -0.02 -0.08 -0.58
 -0.05 -0.1 -0.79
 0.06 -0.01 -0.93
 0 -0.17 -1.02
 -0.02 0.14 -0.93
 0.06 0.01 -0.97
 0.04 -0.04 -0.5600000000000001
 -0.08 0.02 -0.92
 0.08 -0.12 -0.65
 0.06 -0.11 -1.09
 -0.07000000000000001 0.15 -1.39
 0.06 -0.01 -0.82
 0.04 -0.09 -0.71
 0.04 -0.04 -0.72
 0.01 0.09 -0.97
 0.06 0.01 -1.26
 0.01 0.05 -1.25
 0.05 -0.03 -1.12
 0.05 -0.05 -0.75
 0.09 0.08 -0.91
 0.02 -0.11 -0.99
 0.06 -0.13 -1.04
 0.04 0.13 -1.07
 -0.01 -0.1 -0.99
 0.1 -0.01 -0.64
 0.01 0.03 -1.17
 0.02 -0.03 -0.6899999999999999
 0.1 -0.19 -0.87
 -0.04 0.08 -1.36
 0 -0.14 -1.09
 0.03 0.03 -0.65
 -0.01 0 -0.78
 0.03 -0.03 -1.05
 -0.03 -0.04 -1.49
 -0.07000000000000001 0 -1.25
 0.03 -0.03 -0.96
 0.03 -0.22 -0.85
 -0.06 -0.07000000000000001 -1.1
 -0.01 0.04 -0.96
 -0.01 -0.12 -0.9399999999999999
 -0.12 0.12 -0.92
 0 0.01 -0.59
 0.05 -0.08 -0.72
 -0.14 -0.01 -1.15
 -0.08 -0.04 -1.21
 0.01 -0.04 -0.75
 -0.13 -0.01 -0.74
 -0.15 -0.06 -0.84
 0.04 0.01 -1.25
 -0.15 0.05 -1.42
 -0.09 0.06 -0.95
 -0.08 -0.08 -0.57
 -0.09 -0.09 -0.54
 -0.11 0 -1.06
 -0.08 0 -1.14
 -0.14 -0.04 -0.97
 -0.08 0 -0.79
 -0.12 -0.16 -0.85
 -0.04 -0.13 -0.58
 -0.14 -0.06 -1.47
 -0.15 -0.02 -0.95
 -0.01 -0.1 -0.61
 -0.13 0.07000000000000001 -0.75
 -0.16 -0.12 -1.1
 -0.01 -0.03 -1.02
 -0.17 0.17 -1.51
 -0.09 -0.11 -0.57
 -0.05 -0.15 -0.63
 -0.17 -0.17 -1.02
 0 -0.09 -1.03
 -0.07000000000000001 0.01 -1.6
 -0.16 0.06 -1.25
 0.04 -0.05 -0.38
 -0.15 -0.09 -0.99
 -0.05 -0.06 -0.96
 0.01 -0.07000000000000001 -1.22
 -0.13 -0.06 -1.24
 0.04 0.04 -0.84
 -0.09 -0.02 -1.02
 -0.07000000000000001 -0.12 -0.48
 0.03 -0.01 -1.14
 -0.07000000000000001 -0.09 -1.6
 -0.01 -0.09 -0.9399999999999999
 0.02 0.18 -0.99
 -0.08 -0.01 -1.19
 0.03 -0.22 -0.88
 0 -0.01 -1.08
 -0.05 -0.1 -1.3
 0.03 0.01 -1.31
 -0.03 0.09 -1.08
 0.04 -0.19 -0.83
 0.11 -0.11 -1.04
 -0.04 -0.1 -1.08
 -0.01 -0.07000000000000001 -1.02
 -0.01 0.13 -1.18
 0.03 0.12 -0.84
 0.05 -0.09 -0.9
 0.01 -0.13 -1.29
 0 -0.04 -1.22
 0.04 -0.14 -1
 0.04 -0.04 -0.95
 0.03 0.04 -0.83
 0.08 0.11 -0.89
 0.01 -0.03 -1.41
 0.06 0.08 -1.34
 0.01 -0.07000000000000001 -0.92
 0.06 -0.13 -0.71
 0.05 -0.04 -0.8
 0.02 -0.04 -0.93
 0.09 -0.13 -1.35
 -0.04 0.11 -1.42
 0.1 -0.11 -0.61
 0.09 -0.15 -0.68
 -0.01 0.02 -0.95
 0.06 0.03 -1.18
 0.03 -0.21 -1.41
 0.01 -0.05 -1.16
 0.09 -0.08 -0.84
 0.03 -0.12 -0.57
 0.05 0.09 -0.64
 0.08 0 -1.46
 -0.02 0.07000000000000001 -1.4
 0.15 0.02 -0.83
 0.12 0.09 -1.13
 0.04 -0.12 -0.42
 0.13 0.04 -0.78
 0.01 -0.16 -1.59
 0.09 -0.02 -1.1
 0.09 0.04 -0.68
 0.12 0 -0.67
 0.12 0 -0.64
 -0.05 0.02 -0.9
 0.11 -0.08 -1.02
 0.07000000000000001 -0.13 -1.27
 0.05 0 -0.8100000000000001
 0.1 -0.13 -0.57
 0.02 -0.01 -1.13
 0.05 -0.05 -0.8100000000000001
 0.06 0.07000000000000001 -1.04
 0.02 0.08 -1.19
 0.06 -0.01 -0.9
 0.06 -0.11 -0.85
 -0.06 -0.02 -1.3
 0.01 0.08 -0.96
 0.08 0.08 -0.93
 -0.05 -0.04 -1.16
 0 -0.1 0
