# Created by Octave 3.2.2, Sat Jan 23 21:21:26 2010 EST <matthewbot@Matt>
# name: samples
# type: matrix
# rows: 2134
# columns: 2
 0.021 1.051257
 0.011 1.051209
 0.01525 1.051116
 0.02125 1.050752
 0.02125 1.050798
 0.036 1.050848
 0.022 1.050858
 -0.00225 1.052606
 0.001 1.052499
 0.0285 1.052744
 -0.00275 1.052842
 0.02525 1.05275
 0.02925 1.053025
 0.03725 1.052801
 0.016 1.052815
 0.01925 1.052834
 0.01325 1.052999
 0.01375 1.053207
 0.029 1.053135
 0.04525 1.055814
 0.02 1.055759
 0.00125 1.055544
 0.0105 1.055407
 0.01125 1.055153
 0.0225 1.0551
 0.002 1.055287
 -0.003 1.052639
 0.005 1.052793
 0.0165 1.05288
 0.017 1.052763
 0.027 1.052532
 0.022 1.052132
 0.03325 1.051973
 0.04 1.05229
 0.018 1.05258
 0.00975 1.052705
 0.037 1.053041
 0.0345 1.052906
 0.0305 1.052647
 0.043 1.052471
 0.025 1.052225
 0.029 1.052343
 0.002 1.050644
 -0.007 1.050563
 0.00975 1.050677
 0.02575 1.050592
 0.027 1.050775
 0.02 1.050797
 0.028 1.050834
 0.02775 1.052377
 0.00725 1.052111
 0.01175 1.051973
 0.0165 1.052047
 0.02525 1.049443
 -0.00075 1.049791
 0.019 1.049936
 0.0385 1.050057
 0.008 1.050141
 0.04375 1.049946
 0.008 1.049645
 0.022 1.049259
 0.02375 1.049264
 0.04 1.04941
 0.0345 1.049601
 0.04125 1.049805
 0.013 1.049935
 0.01925 1.049529
 0.027 1.054543
 0.02575 1.054181
 0.0125 1.05542
 0.014 1.055748
 0.02325 1.055996
 0.01975 1.056273
 0.02525 1.056489
 0.0225 1.050999
 0.035 1.050749
 0.0025 1.047451
 0.035 1.047272
 0.041 1.047441
 0.04575 1.047337
 0.0365 1.047332
 0.036 1.050131
 0.0145 1.050081
 0.032 1.051764
 0.0405 1.051688
 0.012 1.051801
 0.0365 1.051784
 0.018 1.051478
 0.02975 1.05107
 0.025 1.050894
 0.02925 1.051166
 0.0205 1.051406
 0.021 1.051678
 0.00775 1.051856
 0.00575 1.051647
 0.01125 1.051466
 0.02325 1.051366
 0.01375 1.051084
 0.0345 1.051165
 0.013 1.051376
 0.00125 1.051513
 0.01575 1.049212
 0.02325 1.049306
 0.038 1.049037
 0.02725 1.04748
 0.015 1.047306
 0.01175 1.047211
 0.024 1.047429
 0.02 1.050159
 0.008999999999999999 1.050254
 0.042 1.053426
 0.039 1.053249
 0.0445 1.05312
 0.037 1.052915
 0.03175 1.052631
 0.01375 1.050115
 0.023 1.049933
 0.022 1.048505
 0.0165 1.048673
 0.0305 1.048613
 0.008 1.048759
 0.021 1.048802
 0.0285 1.051433
 0.008 1.051472
 0.02125 1.051329
 0.016 1.051916
 0.03325 1.051682
 0.008 1.051651
 0.07000000000000001 1.051885
 0.073 1.058458
 0.0645 1.058106
 0.003 1.052819
 -0.07275 1.054026
 -0.047 1.052081
 0.06125 1.05212
 0.008999999999999999 1.054014
 -0.114 1.04218
 -0.146 1.039946
 0.08975 1.042269
 0.32375 1.043226
 0.16325 1.039528
 0.044 1.039771
 0.08925 1.038872
 0.1 1.038628
 0.01975 1.042014
 0.077 1.053513
 -0.1795 1.052136
 -0.06950000000000001 1.049189
 -0.472 1.046979
 -0.242 1.058143
 0.275 1.054548
 0.253 1.051452
 1.06125 1.049365
 0.3925 1.050485
 0.008999999999999999 1.052619
 -0.707 1.052784
 -0.18025 1.037678
 0.10925 1.035846
 0.10525 1.039392
 0.98725 1.036989
 0.31125 1.036431
 -0.187 1.043005
 -0.148 1.043566
 0.09 1.050551
 0.88175 1.051313
 0.7325 1.05353
 -0.256 1.050628
 -0.54 1.047669
 -0.425 1.050611
 -0.28475 1.044765
 -0.18475 1.038014
 -0.469 1.02799
 -0.294 1.027064
 0.867 1.02573
 0.99325 1.05185
 0.74525 1.066006
 -0.399 1.069967
 -0.88675 1.061444
 -0.02025 1.058957
 0.81775 1.054647
 1.56525 1.062938
 0.56575 1.075037
 -1.23025 1.07772
 -1.8095 1.069562
 -1.07075 1.070667
 -0.04275 1.077342
 1.487 1.070429
 1.35725 1.062644
 0.598 1.059465
 -0.301 1.056123
 -0.96475 1.054046
 -1.6095 1.059697
 -0.747 1.061003
 0.09775 1.053668
 0.908 1.050421
 0.374 1.055698
 0.955 1.059857
 1.159 1.077184
 0.616 1.079388
 0.2585 1.0826
 -0.43675 1.091863
 -0.347 1.096599
 -0.669 1.099546
 -0.427 1.104403
 0.61 1.087329
 -0.4055 1.079588
 0.074 1.079069
 0.4825 1.08249
 0.08375 1.085159
 0.492 1.088976
 -0.956 1.083796
 -1.353 1.0838
 -0.828 1.085486
 0.18375 1.07618
 0.82725 1.075117
 0.428 1.072494
 0.14375 1.063998
 -0.179 1.059168
 -0.38875 1.056242
 0.55125 1.056062
 -0.02225 1.05071
 0.6045 1.043195
 0.6525 1.048373
 0.171 1.057919
 -0.921 1.052422
 -0.90025 1.046102
 -0.3 1.042303
 0.153 1.050754
 0.54975 1.074849
 -0.38625 1.06994
 -0.826 1.057651
 0.6485 1.054531
 2.272 1.063255
 2.23375 1.053108
 1.00975 1.048397
 -0.8035 1.029161
 -1.32275 1.039796
 -1.54 1.043548
 0.40175 1.035449
 1.91575 1.025323
 1.80575 1.020554
 0.8804999999999999 1.023984
 -0.9115 1.030935
 -1.10475 1.022635
 0.26975 1.027409
 1.00575 1.039556
 0.55325 1.039643
 0.08575000000000001 1.03056
 -0.26675 1.022006
 -0.50275 1.018397
 0.371 1.025664
 0.70525 1.023618
 0.556 1.01791
 -0.4415 1.016249
 -1.00675 1.023609
 -0.7767500000000001 1.024375
 0.49525 1.016342
 1.1945 1.007071
 0.98775 0.998759
 0.35925 1.004385
 0.316 1.006458
 0.56775 0.999302
 -0.251 0.986671
 -0.15625 0.986023
 0.2185 0.983029
 0.08575000000000001 0.97897
 -0.10825 0.965628
 -0.0255 0.970905
 0.98375 0.967208
 2.69 0.971348
 2.0345 0.9642539999999999
 -2.505 0.963659
 -3.93825 0.963467
 -0.40075 0.95903
 3.99975 0.955317
 2.966 0.955173
 -0.6879999999999999 0.950161
 -3.9455 0.946456
 -1.64075 0.951167
 1.182 0.951717
 2.315 0.951467
 -0.33275 0.952273
 -2.0755 0.968176
 -1.80425 0.967325
 0.57525 0.9637559999999999
 1.607 0.963919
 1.321 0.974539
 0.543 0.972835
 0.0805 0.966747
 -0.4035 0.96002
 -0.8655 0.971593
 -0.60225 0.974953
 0.44925 0.96973
 1.679 0.963682
 0.55775 0.970978
 -1.30225 0.973463
 -1.755 0.974768
 0.7025 0.973989
 2.222 0.98076
 1.26725 0.9772690000000001
 0.8065 0.982749
 -0.46825 0.980607
 -1.33425 0.978877
 -1.20875 0.980912
 0.0505 1.003937
 0.17175 1.007478
 -0.59075 1.005316
 0.28725 1.019753
 0.41925 1.033776
 -0.08799999999999999 1.033877
 -1.1495 1.026216
 -0.28625 1.027665
 -0.25025 1.023504
 -0.44825 1.025558
 -0.979 1.011784
 -0.9335 1.012206
 -0.825 1.008902
 -1.077 1.011103
 -0.017 1.003036
 2.2745 1.000248
 2.1205 1.00474
 -0.8175 1.016709
 -2.007 1.014646
 -1.7675 1.017379
 0.87375 1.019871
 1.274 1.029755
 1.003 1.026017
 0.05525 1.016823
 -0.3495 1.01476
 0.59375 1.033936
 0.65325 1.027881
 0.39175 1.015844
 -0.38025 1.028656
 -1.12075 1.035583
 -0.8975 1.039437
 1.528 1.039038
 2.12925 1.034735
 -0.083 1.040228
 -2.31475 1.042442
 -1.591 1.039848
 0.887 1.043896
 1.23725 1.042179
 -0.35875 1.045788
 -1.107 1.048487
 -1.5215 1.054424
 -1.598 1.055671
 -0.0115 1.050222
 1.30125 1.054706
 0.50575 1.053458
 -0.90025 1.055761
 -1.10075 1.053877
 -0.891 1.057786
 -0.17425 1.069592
 0.85175 1.063702
 2.001 1.062023
 0.32775 1.067591
 -0.85 1.065895
 -0.597 1.070459
 0.65 1.055419
 1.76375 1.068414
 0.2045 1.058073
 -0.47825 1.057452
 -2.17025 1.043587
 -2.9 1.063696
 -2.67275 1.074139
 0.94975 1.068369
 3.54575 1.066763
 2.0885 1.078373
 -1.3975 1.097593
 -2.24075 1.08748
 0.187 1.085745
 2.522 1.090249
 1.71175 1.092996
 -1.23425 1.088489
 -1.923 1.080646
 0.49975 1.08257
 2.0805 1.088164
 -0.30625 1.095455
 -2.848 1.088877
 -1.70275 1.085361
 1.4125 1.095813
 2.52775 1.084165
 0.92775 1.086724
 -0.211 1.079265
 0.45975 1.089624
 0.8725000000000001 1.095904
 -0.039 1.097954
 -1.22475 1.092483
 -0.548 1.085678
 1.775 1.08464
 2.472 1.0869
 0.28575 1.092503
 -2.343 1.091111
 -1.46225 1.091867
 0.4765 1.086814
 1.605 1.08811
 0.695 1.090951
 -1.4855 1.089763
 0.0645 1.091947
 0.1925 1.110029
 -0.1215 1.137687
 -2.93225 1.128812
 -1.46 1.134213
 1.40925 1.126254
 3.455 1.128731
 1.854 1.11737
 -1.422 1.118586
 -0.7 1.108433
 0.898 1.110908
 1.066 1.104437
 -2.44225 1.104647
 -2.4815 1.099933
 0.54325 1.127111
 3.67775 1.121014
 1.7925 1.111847
 -0.417 1.107682
 -1.222 1.097017
 0.353 1.127634
 1.6525 1.132648
 0.118 1.128812
 -3.657 1.120745
 -2.153 1.113521
 1.1725 1.115602
 3.08525 1.124256
 1.0545 1.120417
 -1.817 1.117592
 -2.407 1.1218
 -0.106 1.114599
 0.6925 1.105078
 0.495 1.096733
 -0.503 1.108255
 -0.35075 1.12051
 -0.0355 1.115278
 -1.576 1.114218
 -0.414 1.114288
 -0.75825 1.127874
 0.67725 1.118027
 -0.11475 1.120502
 0.68525 1.122306
 -0.31825 1.119454
 -1.137 1.105256
 -1.571 1.100173
 -0.7435 1.108205
 0.40725 1.105058
 1.445 1.094877
 1.1345 1.094586
 -0.427 1.110021
 -1.28625 1.135431
 -0.8129999999999999 1.126874
 0.99725 1.12447
 0.65925 1.139031
 -0.91475 1.158845
 -0.374 1.151774
 0.49525 1.152412
 -0.35225 1.15286
 0.278 1.157635
 -0.8149999999999999 1.149397
 -0.281 1.146744
 -0.174 1.146837
 -0.711 1.140817
 1.076 1.138768
 -0.878 1.15663
 -3.57075 1.176363
 -2.447 1.169749
 1.0325 1.168595
 3.3205 1.145409
 1.235 1.169269
 -0.82875 1.178931
 -1.71225 1.180553
 0.00775 1.169711
 1.15575 1.173887
 0.18375 1.16625
 -1.06475 1.178634
 -0.631 1.201748
 -0.745 1.195792
 -0.89625 1.195772
 -1.3215 1.181646
 0.676 1.182618
 1.44125 1.187488
 2.8745 1.194458
 3.032 1.187367
 1.1085 1.183532
 -1.92675 1.186391
 -2.83875 1.184645
 -0.54025 1.187945
 0.956 1.191015
 0.8405 1.202827
 -1.07625 1.198609
 -1.6075 1.193743
 -0.51275 1.189563
 -0.40225 1.19256
 -1.35225 1.184023
 0.1745 1.191456
 1.40925 1.18634
 1.56975 1.190331
 1.86375 1.202234
 0.5105 1.193772
 -1.36 1.191357
 -1.812 1.185272
 -1.555 1.188891
 -0.888 1.181687
 0.18575 1.174706
 2.746 1.176312
 4.37525 1.188422
 2.293 1.189271
 -1.7195 1.178884
 -3.01475 1.184933
 -1.69475 1.182723
 0.9017500000000001 1.180656
 2.47575 1.178819
 -0.16275 1.18209
 -3.551 1.168064
 -2.8835 1.163026
 0.525 1.16294
 3.00975 1.185157
 2.787 1.192666
 0.8385 1.177976
 -0.575 1.174517
 -1.61275 1.182055
 -1.12275 1.19125
 1.04375 1.179949
 1.1065 1.187308
 -0.08624999999999999 1.205632
 -1.497 1.205667
 -1.7515 1.205706
 1.1 1.205209
 1.50175 1.210519
 1.3 1.205491
 -2.231 1.195492
 -3.408 1.198768
 -1.848 1.20043
 1.21925 1.194107
 1.34775 1.18744
 -1.298 1.204408
 -1.13825 1.202411
 0.39725 1.192352
 1.72575 1.197267
 1.291 1.198376
 -0.7455000000000001 1.212697
 -1.76 1.197214
 -0.70275 1.210643
 1.3265 1.222696
 1.268 1.222417
 0.26325 1.220275
 -1.12675 1.211221
 -0.78625 1.208447
 0.507 1.201144
 0.23375 1.195065
 -0.11875 1.193021
 0.0445 1.202897
 1.02575 1.217096
 -0.00825 1.209941
 -0.491 1.223703
 -0.40225 1.238003
 0.5285 1.2411
 0.46375 1.231052
 0.6264999999999999 1.237512
 0.095 1.236602
 0.122 1.228732
 0.481 1.234945
 0.092 1.253115
 -1.65825 1.245485
 -3.006 1.233608
 -1.413 1.234493
 2.65975 1.231145
 1.3385 1.224682
 -0.9455 1.214511
 -1.65275 1.219941
 -0.139 1.221209
 0.364 1.220583
 0.0665 1.218452
 0.27775 1.230715
 0.58 1.223707
 0.9365 1.224493
 -0.269 1.235737
 -1.681 1.230591
 -1.56225 1.225
 1.0045 1.245923
 1.83525 1.258846
 1.1 1.254311
 -1.4075 1.262071
 -0.68875 1.257597
 1.48925 1.253763
 1.7485 1.246313
 -1.09 1.256374
 -3.47225 1.272455
 -2.836 1.275459
 -0.39225 1.269999
 3.30325 1.282141
 4.03975 1.26706
 0.87375 1.274387
 -2.93875 1.285825
 -2.23225 1.283065
 1.5165 1.273611
 2.668 1.267575
 0.1 1.253552
 -0.88075 1.258862
 0.9465 1.251868
 1.31975 1.260605
 -0.776 1.253263
 -1.7115 1.238876
 -1.53225 1.240142
 0.727 1.247673
 2.088 1.242353
 0.29125 1.258455
 0.156 1.260366
 -0.735 1.252576
 0.0465 1.250901
 0.846 1.244238
 1.203 1.266159
 0.16175 1.271921
 -1.35675 1.276229
 -1.549 1.276595
 1.3385 1.26953
 3.625 1.269417
 1.817 1.266015
 -1.64675 1.251898
 -1.662 1.24701
 1.7465 1.247686
 1.33125 1.239434
 -1.05825 1.23533
 -4.22225 1.238539
 -1.834 1.244429
 2.773 1.253219
 3.85975 1.254133
 -0.627 1.251484
 -4.41475 1.249939
 -4.4635 1.243214
 -0.07675 1.260953
 2.21175 1.265281
 1.8685 1.255651
 1.83775 1.257841
 1.24725 1.26072
 0.912 1.25828
 -1.759 1.247292
 -1.10875 1.242405
 2.15375 1.238033
 3.21975 1.230831
 1.47975 1.241649
 -0.51625 1.237459
 -1.28 1.231171
 -1.76825 1.236257
 -1.03425 1.224776
 0.254 1.221827
 2.558 1.220818
 0.98125 1.211633
 -1.817 1.216415
 -2.97275 1.216526
 -1.42025 1.213599
 0.72525 1.231642
 2.1005 1.232835
 2.979 1.238863
 1.728 1.265076
 -1.04 1.261802
 -3.98 1.250509
 -2.804 1.259654
 1.209 1.248215
 3.147 1.25057
 2.44925 1.265846
 -0.638 1.282064
 0.08325 1.275973
 1.50175 1.271936
 1.175 1.28416
 -0.6675 1.277086
 0.112 1.285745
 1.3185 1.299159
 0.46575 1.294324
 -2.091 1.283095
 -2.986 1.28675
 1.219 1.280477
 4.65525 1.268118
 1.2245 1.282358
 -2.01825 1.282372
 -2.16425 1.279712
 -0.325 1.292833
 -2.0375 1.295251
 -1.142 1.296
 2.60525 1.300178
 2.95725 1.307178
 1.002 1.29853
 -3.1035 1.308342
 -3.33625 1.292846
 0.295 1.284809
 3.632 1.286394
 1.32975 1.301668
 -1.66025 1.331558
 -2.998 1.329904
 -0.44625 1.338604
 1.69575 1.340069
 1.55725 1.327279
 -1.58675 1.337664
 -1.486 1.367952
 -0.4655 1.354078
 2.7125 1.349571
 2.92125 1.351131
 -0.8695000000000001 1.337099
 -6.0515 1.354908
 -2.01075 1.365174
 4.23375 1.363591
 7.40325 1.370865
 1.3005 1.377353
 -5.86 1.376776
 -7.31825 1.385868
 -1.921 1.378622
 2.91175 1.386868
 4.97375 1.411295
 2.2845 1.404929
 -0.587 1.40876
 -1.82825 1.413268
 -1.91425 1.404667
 -2.947 1.394342
 -0.8110000000000001 1.386764
 -0.315 1.38818
 1.044 1.379517
 3.00175 1.377944
 0.78975 1.366694
 -0.724 1.358703
 -0.83025 1.350347
 -0.2575 1.339023
 -0.96075 1.333197
 -5.444 1.328556
 2.4765 1.317184
 6.666 1.310824
 -1.90225 1.311674
 -7.699 1.30699
 -0.645 1.300014
 5.89975 1.328447
 3.76325 1.319777
 -2.0835 1.313377
 -2.92 1.334779
 -0.608 1.330614
 0.55975 1.332966
 -0.86825 1.331678
 -1.06075 1.333506
 -1.429 1.331231
 -0.09825 1.336294
 -0.1655 1.330456
 0.714 1.329442
 1.45375 1.347753
 0.0325 1.337337
 -0.852 1.330237
 0.013 1.345618
 1.992 1.345789
 2.5125 1.346504
 0.1465 1.344351
 -1.89225 1.353266
 -0.399 1.359271
 2.30525 1.360923
 -0.6755 1.356207
 -2.243 1.356676
 -0.88225 1.362967
 2.41375 1.375827
 1.6105 1.39065
 -1.8515 1.421519
 -2.46875 1.419017
 -0.862 1.410015
 1.97525 1.409901
 0.234 1.401084
 -1.00275 1.388393
 -1.20275 1.394411
 -1.447 1.39952
 -0.25425 1.3905
 -1.3655 1.372703
 -1.85625 1.378097
 1.3505 1.369869
 1.18325 1.347279
 -0.32625 1.358821
 -5.7815 1.355007
 -3.45075 1.331351
 3.80975 1.323986
 7.415 1.338082
 4.50125 1.32196
 -3.48225 1.329014
 -6.90875 1.329628
 -3.848 1.299979
 1.858 1.301421
 4.716 1.301307
 1.27 1.31767
 -2.369 1.322122
 -4.49875 1.345579
 -2.111 1.341212
 0.54 1.339491
 1.13525 1.360059
 3.675 1.36058
 1.071 1.350443
 -3.9455 1.39574
 -7.56875 1.416011
 -2.908 1.436594
 1.03 1.431497
 4.691 1.466892
 3.48325 1.508131
 -0.8955 1.496044
 -1.583 1.527128
 -0.791 1.555281
 -0.821 1.528955
 1.49175 1.559893
 1.88775 1.595682
 -0.171 1.592331
 -2.299 1.598654
 -4.69075 1.597681
 -1.58675 1.645526
 1.679 1.592988
 -1.515 1.601464
 -3.6815 1.577756
 2.012 1.575371
 3.9445 1.550431
 0.99975 1.534044
 -2.7395 1.526713
 -1.51275 1.514582
 2.47175 1.505362
 4.10925 1.502551
 3.128 1.465959
 -1.21675 1.431336
 -2.0455 1.405306
 -0.8462499999999999 1.369455
 5.86975 1.402728
 5.74 1.378823
 3.42325 1.378452
 -0.944 1.358861
 -0.9915 1.331714
 0.43975 1.308535
 2.793 1.296533
 2.162 1.372459
 -0.032 1.372654
 0.73725 1.386165
 -0.123 1.389961
 0.6625 1.406442
 0.8625 1.417577
 0.84 1.408561
 2.984 1.488354
 2.4465 1.486645
 -1.09625 1.471073
 -2.0795 1.494186
 -0.16075 1.494958
 2.69975 1.478693
 2.192 1.458826
 -0.453 1.509733
 -2.5295 1.500276
 -1.863 1.490943
 0.9465 1.493353
 1.355 1.477672
 0.8605 1.445875
 -2.12425 1.427603
 0.38 1.424894
 1.09525 1.42277
 0.57175 1.454303
 -1.01225 1.499739
 -0.41675 1.516721
 0.913 1.526809
 0.25575 1.484438
 3.64325 1.509139
 1.157 1.492794
 -3.322 1.518924
 -3.85625 1.543901
 3.0845 1.583519
 7.52375 1.590645
 3.192 1.537411
 -5.93025 1.571457
 -4.66675 1.564285
 4.095 1.581597
 3.6365 1.586993
 -2.73275 1.577885
 -6.064 1.595543
 -1.438 1.532414
 3.1765 1.51869
 2.0105 1.51037
 -0.45 1.528605
 -5.318 1.531118
 1.497 1.533874
 6.4765 1.552917
 8.211 1.492229
 2.29325 1.492879
 -4.40025 1.514219
 -3.098 1.554825
 -1.765 1.593354
 2.501 1.581477
 2.769 1.61542
 -0.1775 1.611327
 -3.70475 1.63403
 -4.121 1.65083
 -0.40475 1.653148
 3.152 1.686638
 2.256 1.674279
 -1.51425 1.674112
 -3.293 1.646762
 -2.85625 1.63113
 -0.10075 1.603305
 1.042 1.59633
 1.50775 1.594022
 1.60525 1.574833
 1.5005 1.554618
 -1.098 1.564644
 -1.917 1.544707
 0.186 1.560773
 0.859 1.551152
 -0.5629999999999999 1.554793
 -1.262 1.572874
 -1.73675 1.588152
 0.71975 1.590725
 2.87325 1.566878
 2.01725 1.596881
 -0.9330000000000001 1.586881
 -1.862 1.578531
 -2.5975 1.560184
 0.8472499999999999 1.560238
 1.58725 1.556444
 3.474 1.542064
 3.03925 1.526001
 1.49575 1.540779
 -1.6595 1.535564
 -2.8775 1.532151
 -2.58475 1.543313
 1.59175 1.527584
 3.95375 1.525818
 3.193 1.524378
 -1.068 1.512072
 -2.2475 1.501635
 -0.571 1.531023
 2.304 1.563267
 2.3825 1.580972
 -0.2215 1.57898
 2.4185 1.604388
 2.93775 1.565903
 2.99575 1.588169
 0.575 1.579747
 -2.74625 1.599872
 -3.06825 1.5941
 -1.99425 1.602429
 1.57775 1.610198
 2.45975 1.591698
 -1.98475 1.581365
 -5.363 1.573786
 -0.34675 1.600254
 5.628 1.58733
 4.501 1.583495
 -2.17875 1.582109
 -5.03425 1.559401
 -2.923 1.575145
 2.9685 1.623312
 4.044 1.60327
 1.801 1.593106
 -0.851 1.609371
 -1.73275 1.607725
 -0.877 1.582812
 -0.107 1.586917
 -0.335 1.642672
 -1.522 1.632025
 -1.61025 1.610798
 -1.682 1.619988
 2.708 1.608039
 2.13325 1.623289
 -0.504 1.609032
 -4.10675 1.665105
 -2.621 1.649367
 5.29325 1.629698
 5.86 1.639986
 -0.1495 1.659158
 -5.62675 1.676503
 -5.993 1.64805
 2.416 1.602523
 7.99 1.599879
 6.04925 1.628112
 -3.7795 1.607631
 -5.019 1.630844
 -0.15225 1.632929
 1.70775 1.65605
 4.414 1.579675
 -0.34675 1.634695
 -0.179 1.63376
 2.686 1.604747
 -5.9495 1.638595
 -5.6715 1.649434
 3.18375 1.66332
 8.25 1.605598
 4.213 1.601431
 -6.12025 1.585555
 -5.1155 1.59666
 -0.252 1.587582
 4.74125 1.581718
 -0.1515 1.57616
 -4.68275 1.5321
 -0.56475 1.535228
 3.27925 1.523211
 4.322 1.521225
 2.4965 1.516846
 -1.08475 1.526211
 -2.596 1.511816
 -2.392 1.486017
 0.3065 1.49313
 1.10975 1.491469
 -0.17075 1.489882
 1.5805 1.509614
 0.65725 1.539278
 -0.192 1.521649
 -0.7514999999999999 1.530159
 -2.07025 1.543784
 -1.12825 1.540538
 1.61125 1.562973
 2.24525 1.566327
 -1.943 1.572979
 -3.34025 1.573203
 -0.855 1.582397
 2.96125 1.58443
 3.71325 1.62396
 -0.50425 1.60937
 -1.252 1.611677
 0.506 1.625394
 2.9565 1.679103
 -0.09475 1.680817
 -3.67675 1.682253
 -2.66075 1.685868
 1.96975 1.680595
 4.9105 1.725534
 1.82525 1.730672
 -0.7355 1.784728
 -2.774 1.765569
 -2.68 1.787556
 -0.35475 1.778775
 1.8505 1.835553
 2.466 1.817202
 0.524 1.857407
 -2.44675 1.912649
 -2.069 1.915516
 2.337 1.900243
 5.8505 1.94062
 3.5445 1.939762
 -3.47225 1.935182
 -5.572 1.913989
 0.313 1.982749
 7.03175 1.984524
 3.1425 1.983071
 -2.6735 2.020386
 -5.159 2.036941
 -1.0015 2.076724
 3.77325 2.046714
 3.583 2.107663
 0.88925 2.0883
 -3.09625 2.118743
 -2.6415 2.095732
 0.5125 2.120202
 2.734 2.113694
 0.985 2.122952
 -1.275 2.12701
 0.28975 2.145755
 0.196 2.186893
 0.8045 2.186451
 0.44925 2.197581
 0.9965000000000001 2.211642
 0.36325 2.249661
 3.04175 2.235373
 2.32375 2.226276
 0.72175 2.265979
 -0.133 2.26506
 0.03325 2.256746
 -0.6607499999999999 2.257057
 -2.286 2.260219
 -0.138 2.259563
 2.19 2.263943
 3.62925 2.256995
 0.26925 2.24244
 -3.4675 2.2517
 -3.513 2.239852
 2.095 2.237629
 4.62125 2.226778
 2.65575 2.207324
 -2.9695 2.222518
 -2.676 2.222126
 0.26725 2.194982
 2.559 2.172999
 2.25775 2.147641
 0.73125 2.129148
 -0.428 2.104609
 -0.173 2.087711
 -1.90875 2.057783
 -2.42875 2.038711
 -0.798 2.012287
 3.264 1.96626
 2.25925 1.960488
 1.871 1.93089
 0.5725 1.912482
 0.148 1.894247
 -0.9320000000000001 1.87719
 -1.9935 1.86936
 -1.491 1.814695
 2.09 1.787858
 3.90125 1.750217
 0.386 1.728136
 -2.887 1.745659
 -2.732 1.733124
 0.308 1.650918
 0.12725 1.633268
 0.57975 1.626183
 2.844 1.632503
 3.29725 1.628741
 0.81975 1.597756
 -1.8535 1.576283
 -4.791 1.505835
 -1.19625 1.478875
 0.7065 1.495496
 3.229 1.494348
 2.154 1.468274
 -0.29675 1.467148
 -2.02425 1.472607
 -1.876 1.388879
 0.27725 1.383679
 -0.271 1.412965
 0.20325 1.399728
 -0.9595 1.396548
 -2.075 1.375884
 -0.74825 1.381674
 0.092 1.317722
 0.61125 1.309463
 -1.521 1.326614
 -1.79275 1.318961
 -2.5115 1.308279
 -0.16475 1.301491
 -1.79875 1.302063
 -1.806 1.249872
 -2.03 1.247819
 -0.30075 1.26579
 0.3785 1.267921
 -0.192 1.254472
 -1.92825 1.263772
 -0.9340000000000001 1.276109
 -0.397 1.223721
 -0.479 1.221429
 -1.91675 1.246047
 -2.04425 1.239958
 -1.5215 1.227618
 2.999 1.228489
 1.54525 1.229824
 -1.70475 1.206157
 -2.71275 1.206395
 -0.26025 1.222779
 2.28 1.215458
 2.3805 1.187157
 -1.489 1.178106
 -3.65025 1.198207
 -2.53275 1.190976
 0.067 1.172469
 0.343 1.17338
 0.26375 1.190846
 -0.87675 1.187979
 -1.49825 1.186141
 -1.35 1.197929
 0.06900000000000001 1.183622
 1.10525 1.170965
 -0.0515 1.18459
 -1.502 1.191064
 -2.794 1.185454
 -1.60275 1.168972
 -0.7495000000000001 1.177283
 2.00325 1.18387
 1.036 1.186803
 -0.1955 1.181924
 -2.0475 1.180586
 -0.764 1.17622
 1.35325 1.161337
 2.1485 1.208134
 0.99325 1.212803
 -0.445 1.210187
 -2.7355 1.206929
 -2.66075 1.204256
 0.75325 1.205439
 3.093 1.215357
 3.36325 1.264287
 1.11175 1.259712
 -1.781 1.242962
 -4.4895 1.247237
 -1.093 1.266284
 3.046 1.291574
 5.60525 1.28275
 2.561 1.320179
 -2.48275 1.317305
 -3.463 1.313121
 -2.13825 1.304998
 -0.127 1.31585
 -0.2555 1.323324
 1.428 1.306623
 3.08375 1.378537
 -1.40025 1.391738
 -4.7015 1.389729
 -4.89 1.362703
 -0.3315 1.385398
 0.14125 1.3746
 0.801 1.39632
 -0.45875 1.488453
 2.512 1.508384
 2.018 1.520151
 -0.54025 1.530953
 -3.547 1.506375
 -1.16075 1.507452
 7.34175 1.686688
 4.262 1.673431
 -3.95425 1.692179
 -7.79675 1.700513
 -1.58025 1.753412
 4.531 1.731319
 5.0465 1.74825
 2.8105 1.870862
 -0.72 1.926916
 -1.35425 1.899067
 -2.693 1.928259
 -2.51625 1.947706
 0.638 1.952966
 1.5225 1.924936
 -0.8655 2.003275
 -4.3475 1.988317
 -2.211 1.976615
 4.8105 2.004026
 4.5845 1.982565
 -3.15 1.955177
 -6.588 1.948483
 -2.8895 1.84785
 5.6805 1.881059
 5.2665 1.851885
 0.257 1.840566
 -2.36075 1.809439
 -0.8635 1.829885
 1.35925 1.804934
 0.7544999999999999 1.769419
 -1.48275 1.74369
 -0.513 1.728297
 -0.372 1.693532
 1.73925 1.688324
 3.661 1.675413
 1.369 1.668826
 -1.15875 1.648694
 -4.96225 1.626817
 -4.70425 1.629223
 -0.212 1.611092
 1.83775 1.589012
 2.943 1.575487
 0.5992499999999999 1.569367
 0.05325 1.515782
 1.8205 1.503653
 0.3625 1.506867
 -1.199 1.493235
 -1.56825 1.492714
 -0.77 1.499618
 -0.353 1.482947
 1.08575 1.496778
 2.30125 1.504417
 1.7045 1.503817
 -1.56625 1.486352
 -0.78225 1.500188
 0.87325 1.509087
 -0.65025 1.511538
 -1.28475 1.499633
 0.14375 1.496896
 1.754 1.506525
 3.12725 1.498974
 2.594 1.51492
 -0.37675 1.52428
 -2.78825 1.528893
 -1.99875 1.529098
 1.45975 1.552976
 3.198 1.566826
 1.237 1.560866
 -0.93 1.548344
 -0.441 1.560383
 -1.0375 1.605496
 0.234 1.590009
 2.6645 1.582092
 1.0625 1.579979
 0.15975 1.60232
 0.609 1.585477
 2.12775 1.601026
 1.62575 1.628752
 1.965 1.629717
 2.04925 1.618471
 2.428 1.649977
 1.4065 1.679204
 -0.721 1.674698
 -3.8955 1.670661
 0.19775 1.719131
 5.22575 1.725099
 7.97175 1.728817
 2.525 1.71974
 -2.99825 1.726331
 -3.65475 1.734656
 -0.5395 1.720061
 1.31775 1.772117
 2.4005 1.762954
 1.08975 1.758223
 -0.2395 1.746417
 -0.363 1.789144
 0.5525 1.782345
 -0.4015 1.819896
 -1.264 1.814347
 0.07375 1.846308
 2.494 1.860314
 4.341 1.873384
 2.3505 1.883101
 -0.496 1.889682
 -3.347 1.915194
 -0.58025 1.908144
 2.65175 1.939126
 3.844 1.952988
 2.83975 1.972993
 -0.8835 1.979174
 -2.40825 1.99373
 1.1845 2.016859
 3.182 2.043119
 0.18525 2.089906
 -4.54825 2.094757
 -1.81675 2.119115
 3.682 2.143373
 6.313 2.148989
 2.3 2.180146
 -3.3735 2.192928
 -4.499 2.218459
 -1.21875 2.221178
 2.851 2.231167
 4.80975 2.241458
 1.2105 2.236221
 -1.465 2.261234
 -0.888 2.264033
 -2.00425 2.325629
 1.858 2.323643
 3.47175 2.336494
 2.28975 2.338285
 -0.92025 2.35215
 -3.04675 2.369431
 -3.718 2.381304
 0.73925 2.440069
 2.824 2.443649
 4.675 2.450805
 -1.58475 2.464244
 -4.686 2.465343
 -2.97275 2.503439
 3.143 2.505323
 5.3205 2.599973
 2.97525 2.608037
 -3.0415 2.632647
 -6.762 2.643095
 -2.8375 2.672849
 2.2145 2.691381
 3.025 2.700056
 -0.24425 2.822512
 -4.37425 2.822502
 -2.855 2.831664
 -1.46475 2.836991
 -0.1975 2.88924
 1.06775 2.886352
 1.872 2.90237
 -1.5695 3.004361
 -4.11025 3.023549
 -3.866 3.029756
 -1.754 3.044693
 -1.296 3.051465
 -1.1615 3.061051
 -0.865 3.048234
 -0.64025 3.089522
 -2.3555 3.093867
 -3.027 3.06538
 -0.0035 3.055902
 -0.457 3.034082
 -3.023 3.010221
 -3.1435 3.022128
 0.649 3.011673
 2.118 2.991728
 -0.1595 2.973872
 -4.70625 2.970107
 -3.60075 2.935091
 0.7085 2.908246
 1.354 2.895134
 -1.892 2.888591
 -2.79075 2.84389
 -3.13625 2.84247
 -2.90075 2.818592
 -1.5415 2.742802
 -0.023 2.727105
 5.529 2.602426
 0.8505 2.572906
 -5.3735 2.526151
 -7.46875 2.491948
 2.9945 2.437872
 8.237 2.351352
 2.89925 2.283739
 -7.39275 2.123488
 -7.62225 2.063679
 3.5245 2.021355
 6.1265 2.00471
 -1.828 1.951178
 -7.81025 1.765639
 -3.675 1.673015
 7.0705 1.635692
 8.131 1.56611
 -3.03825 1.501702
 -7.79825 1.460766
 -3.51825 1.341743
 1.467 1.295881
 0.137 1.263857
 -2.7675 1.323161
 -2.554 1.292583
 1.28575 1.281591
 4.754 1.262588
 2.258 1.233347
 -7.81075 1.217381
 -6.312 1.199381
 2.00775 1.250372
 8.233750000000001 1.258417
 5.9705 1.250774
 -2.94675 1.267638
 -6.76875 1.30261
 -2.8175 1.317567
 2.129 1.341559
 3.893 1.360468
 0.8159999999999999 1.394581
 -7.003 1.421036
 -5.202 1.435269
 1.3265 1.444215
 6.31525 1.467144
 4.637 1.484686
 -1.8555 1.503525
 -2.556 1.527715
 -0.076 1.540725
 0.61325 1.537247
 1.82325 1.524836
 -1.66825 1.522306
 -4.035 1.539403
 0.06725 1.556306
 -0.3635 1.603284
 -1.053 1.609454
 -1.21675 1.612646
 1.82925 1.534637
 2.6665 1.562806
 -0.045 1.584695
 -1.40875 1.585443
 -0.19425 1.577517
 2.022 1.604223
 0.6125 1.630556
 -1.209 1.555767
 -0.844 1.559239
 0.5605 1.586421
 -0.359 1.576531
 -0.357 1.56719
 0.08699999999999999 1.576077
 2.235 1.539958
 2.0545 1.55297
 -0.927 1.571889
 1.09925 1.559197
 3.10175 1.569565
 2.1165 1.563297
 -1.897 1.571547
 -3.478 1.540212
 1.2085 1.525961
 4.47 1.510061
 1.38975 1.510293
 -0.5495 1.504363
 -2.17075 1.485042
 -0.6955 1.482559
 0.6517500000000001 1.462894
 1.16775 1.45042
 -0.84075 1.439204
 -3.85625 1.452974
 -1.72475 1.453524
 1.8945 1.442156
 3.358 1.44899
 -0.498 1.454802
 -2.41875 1.468884
 -1.606 1.467247
 1.014 1.476934
 1.0225 1.484018
 -1.49625 1.481253
 -0.5495 1.477141
 0.458 1.460627
 0.92725 1.453373
 1.18975 1.446193
 -0.77025 1.437013
 -0.383 1.433605
 0.82 1.438701
 1.565 1.427157
 0.08649999999999999 1.426241
 -2.537 1.424498
 -0.612 1.412925
 3.51525 1.410314
 3.63 1.405519
 0.42575 1.39305
 -1.32025 1.389732
 -1.6675 1.39907
 -0.07275 1.390332
 1.37925 1.388258
 3.768 1.390542
 -0.6415 1.387103
 -2.63425 1.390541
 -0.578 1.393206
 1.6145 1.408022
 2.47325 1.41331
 0.82325 1.409016
 -0.82275 1.404327
 -2.2695 1.409949
 -0.62675 1.398988
 0.429 1.406614
 0.2685 1.401161
 0.45 1.391862
 -0.4175 1.390326
 0.1465 1.395536
 -0.5695 1.38863
 -0.65225 1.370478
 0.209 1.388439
 1.2225 1.386924
 2.4845 1.37941
 1.422 1.376603
 1.09775 1.369971
 -0.71675 1.367961
 -1.15 1.370545
 1.38325 1.385381
 2.665 1.39544
 1.94975 1.396502
 0.6889999999999999 1.390094
 -0.34025 1.392569
 0.467 1.397369
 0.9005 1.390888
 -0.843 1.406429
 -0.49025 1.400752
 0.078 1.389467
 0.9865 1.384538
 0.4525 1.371654
 -0.67425 1.356727
 -2.214 1.34702
 -2.28875 1.350788
 -0.783 1.343322
 1.196 1.340382
 3.21325 1.331308
 2.679 1.329743
 -0.548 1.322561
 -2.71875 1.310876
 -2.781 1.306616
 -0.39425 1.317813
 0.33375 1.312497
 0.013 1.306086
 -1.00875 1.295851
 0.02375 1.294082
 2.60325 1.291297
 1.73325 1.288581
 -3.87625 1.290422
 1.7325 1.306844
 6.2005 1.293022
 7.664 1.304577
 -1.58075 1.319383
 -7.8215 1.346285
 8.2805 1.357357
 1.452 1.372435
 -7.83875 1.374466
 -1.4875 1.375812
 8.266999999999999 1.369678
 8.074999999999999 1.371032
 -1.68875 1.435683
 -7.8235 1.421472
 -4.414 1.420817
 0.91975 1.416682
 1.14 1.433131
 1.257 1.445313
 -1.442 1.439414
 -1.259 1.524996
 -1.49025 1.521111
 -0.45225 1.507844
 -0.902 1.515953
 -1.165 1.504443
 -0.075 1.512495
 1.46175 1.522478
 0.42125 1.584811
 -1.1255 1.566442
 -3.07825 1.559746
 -2.12075 1.55312
 -0.58675 1.548694
 0.5925 1.555183
 1.479 1.54888
 1.51125 1.451479
 0.619 1.438248
 -0.56225 1.444617
 -0.82225 1.443649
 -0.819 1.44127
 0.55925 1.437895
 1.93775 1.436382
 1.33 1.355174
 -0.92275 1.355342
 -2.33225 1.360276
 -1.036 1.371348
 1.43375 1.368913
 2.42775 1.372688
 0.60975 1.373257
 -1.245 1.281652
 -2.192 1.283579
 -1.44275 1.284541
 0.311 1.287682
 1.3225 1.288732
 1.942 1.286919
 0.38525 1.224066
 -2.029 1.224415
 -2.67825 1.222495
 -0.581 1.220085
 1.4485 1.222106
 0.92325 1.229343
 -0.3915 1.23277
 -0.8754999999999999 1.200031
 -0.42075 1.20196
 0.787 1.206285
 1.0005 1.203176
 0.1745 1.212328
 -0.7182500000000001 1.212555
 -1.124 1.213444
 -0.1895 1.219823
 1.31325 1.223014
 1.13925 1.22453
 -0.386 1.224141
 -0.91475 1.223787
 -0.611 1.226562
 0.5945 1.224674
 0.7385 1.248916
 0.63925 1.245338
 0.238 1.239913
 -0.258 1.24691
 -0.521 1.251778
 0.12125 1.250733
 -0.2755 1.247136
 -0.167 1.309477
 0.01725 1.30687
 0.2745 1.301015
 0.45175 1.298195
 -0.28425 1.293412
 -0.67225 1.288764
 -1.382 1.284396
 -0.69475 1.394341
 0.2845 1.396595
 0.783 1.387291
 0.349 1.385944
 0.6665 1.378408
 -0.291 1.370698
 -0.7514999999999999 1.373791
 -0.1955 1.446873
 1.02375 1.437028
 1.42325 1.434024
 0.447 1.421793
 -0.9815 1.410942
 -0.594 1.407182
 0.709 1.426437
 0.526 1.416836
 0.56125 1.418305
 0.506 1.419676
 0.18325 1.40692
 0.453 1.398149
 0.06125 1.392462
 -0.335 1.366148
 -0.69425 1.356305
 0.20925 1.351253
 1.35375 1.352444
 1.2345 1.349796
 -0.264 1.345903
 -1.7315 1.344434
 -1.46225 1.293967
 0.024 1.297751
 1.09375 1.305708
 1.405 1.301979
 0.2205 1.300944
 -1.058 1.30048
 -0.8275 1.302698
 0.297 1.244603
 0.9370000000000001 1.250325
 0.8085 1.247108
 0.09 1.243469
 -0.89675 1.244027
 0.001 1.248029
 0.1605 1.249423
 -0.0435 1.216624
 -0.483 1.218276
 -0.282 1.219866
 0.538 1.223977
 1.12175 1.230079
 0.3905 1.2323
 -0.477 1.228734
 -0.85825 1.227421
 -0.1555 1.225027
 0.274 1.213173
 0.321 1.211674
 0.264 1.212046
 0.1045 1.210015
 -0.05675 1.208382
 0.3485 1.244086
 -0.3815 1.24254
 -0.9395 1.237878
 -0.22425 1.235944
 1.34975 1.234943
 1.453 1.233214
 0.522 1.294813
 -0.4755 1.300867
 -0.442 1.301617
 -0.36875 1.295117
 -0.30875 1.294962
 -0.10025 1.298214
 0.20375 1.295105
 0.4125 1.339396
 0.17725 1.344511
 0.31375 1.339312
 0.05 1.334705
 -0.47025 1.331176
 -0.51625 1.330102
 -0.15075 1.330902
 0.3665 1.308869
 1.16175 1.30753
 1.15575 1.308532
 0.702 1.305215
 0.158 1.305037
 -0.742 1.30189
 -0.97875 1.29855
 -0.13425 1.258808
 0.67375 1.263104
 0.87975 1.266225
 0.5965 1.272979
 -0.224 1.269405
 -0.513 1.266783
 -0.3075 1.263912
 0.25325 1.2367
 0.85175 1.24158
 0.897 1.23932
 0.394 1.244062
 -0.56475 1.243331
 -1.43625 1.240723
 -0.4075 1.236651
 1.28 1.256416
 1.8165 1.251952
 1.02175 1.249455
 -0.955 1.248263
 -1.52475 1.247141
 -0.776 1.243035
 0.736 1.242248
 1.5005 1.259369
 1.256 1.258381
 0.39175 1.261675
 -0.2015 1.262156
 -0.33475 1.260645
 0.07174999999999999 1.259754
 0.167 1.259984
 -0.212 1.273535
 -0.681 1.273431
 -0.4815 1.274782
 0.19175 1.277076
 0.763 1.276261
 0.59975 1.275157
 0.06525 1.249073
 -0.28475 1.248618
 -0.2455 1.24852
 0.443 1.242462
 0.6345 1.241315
 0.62525 1.241562
 0.31975 1.246803
 0.03325 1.239567
 -0.569 1.237147
 -0.459 1.235739
 -0.06825000000000001 1.238642
 0.39175 1.237203
 0.25925 1.234027
 -0.143 1.230896
 -0.344 1.247708
 0.00525 1.245759
 0.3385 1.243424
 0.0585 1.244882
 -0.474 1.244004
 -0.4575 1.240932
 -0.16625 1.235837
 0.31175 1.227817
 0.587 1.226985
 0.434 1.2336
 -0.055 1.236987
 -0.2355 1.235817
 -0.37275 1.234611
 -0.07149999999999999 1.234881
 0.2465 1.236157
 0.23 1.236001
 0.0585 1.232517
 -0.11825 1.232913
 -0.1815 1.231517
 0.0245 1.230542
 0.36 1.230222
 0.33 1.223063
 0.162 1.223959
 -0.041 1.225647
 -0.14425 1.223519
 -0.10675 1.22211
 -0.011 1.221301
 0.12 1.22216
 0.18725 1.225888
 0.20375 1.224832
 0.07000000000000001 1.223175
 -0.03275 1.221884
 -0.09625 1.221451
 -0.19225 1.220698
 -0.07149999999999999 1.227091
 0.004 1.227397
 0.168 1.228166
 0.12175 1.226984
 0.034 1.22481
 0.01725 1.225036
 0.008999999999999999 1.226326
 0.0305 1.220494
 0.015 1.219388
 -0.02675 1.218304
 -0.05875 1.217016
 -0.0315 1.21547
 0.09975000000000001 1.213788
 0.14725 1.214997
 0.12525 1.211315
 0.06775 1.209457
 0.03775 1.208628
 -0.0235 1.207162
 -0.0195 1.207589
 0.022 1.207457
 0.0825 1.20684
 0.05975 1.213671
 -0.08425000000000001 1.212073
 -0.15275 1.211685
 -0.018 1.209805
 0.13 1.208973
 0.13525 1.208364
 -0.029 1.207726
 -0.095 1.209922
 -0 1.209194
 0.14125 1.205809
 0.1565 1.205267
 0.095 1.204545
 -0.021 1.203331
 -0.035 1.202801
 0.0645 1.196892
 0.1125 1.196199
 0.07325 1.194569
 -0.002 1.194271
 -0.019 1.192805
 -0.034 1.190833
 0.0285 1.190942
 0.048 1.182588
 0.06925000000000001 1.181083
 0.00525 1.181752
 -0.01675 1.181602
 -0.02225 1.180576
 0.0245 1.179172
 0.03775 1.184369
 0.04175 1.184635
 0.035 1.182986
 -0.00225 1.183451
 -0.02225 1.183457
 0.0285 1.182644
 0.029 1.181571
 0.026 1.183512
 0.012 1.183028
 0.00575 1.18194
 -0.029 1.181156
 -0.0075 1.180789
 0.00775 1.179278
 0.046 1.178927
 0.0385 1.183682
 0.05125 1.183688
 -0.0075 1.183775
 -0.02075 1.183421
 -0.011 1.183161
 0.0225 1.182618
 0.05775 1.181917
 0.01725 1.18183
 0.0145 1.181599
 -0.018 1.183738
 0.01175 1.183318
 0.02125 1.183015
 0.0185 1.18259
 0.00525 1.182424
 -0.0075 1.176534
 -0.00425 1.175803
 0.0165 1.173928
 -0.00025 1.173651
 0.0165 1.172509
 0.01175 1.171829
 0.015 1.171749
 0.017 1.176621
 0.02775 1.17589
 0.03 1.174171
 -0.003 1.173836
 0.01325 1.173345
 0.01575 1.172282
 0.002 1.172176
 0.018 1.17202
 0.04175 1.171147
 0.022 1.171902
 0.0185 1.171716
 0.013 1.170926
 0.01175 1.170145
 0.017 1.169714
 0.03125 1.169336
 0.032 1.168645
 -0.012 1.169555
 0.008999999999999999 1.169026
 0.03175 1.168457
 0.01175 1.168375
 0.03125 1.167778
 0.0425 1.167161
 0.033 1.16668
 0.0245 1.165112
 0.03975 1.164851
 0.019 1.164393
 0.021 1.164163
 0.0145 1.163826
 0.034 1.163313
 0.00125 1.165332
 -0.0055 1.164615
 -0.0015 1.164575
 0.0125 1.164525
 0.03375 1.163815
 0.012 1.166153
 0.0325 1.165543
 0.0325 1.166242
 0.049 1.165985
 0.0285 1.165367
 0.0205 1.165006
 0.00575 1.164957
 0.001 1.164593
 -0.0075 1.163931
 0.03575 1.162649
 0.00375 1.162593
 0.00925 1.162023
 0.011 1.161444
 0.0125 1.161334
 0.04125 1.158084
 -0.00425 1.157708
 0.01925 1.15743
 0.039 1.157147
 0.048 1.157063
 0.00525 1.156557
 0.02725 1.156184
 0.002 1.15571
 0.017 1.155182
 0.0205 1.152709
 0.0165 1.152203
 0.01525 1.151865
 0.01725 1.151674
 0.01925 1.151057
 0.021 1.15338
 0.001 1.152998
 0.02725 1.152808
 0.03775 1.152624
 0.017 1.152403
 0.0045 1.152403
 0.026 1.15193
 0.029 1.151488
 0.01125 1.151425
 0.01975 1.153322
 -0.002 1.153075
 0.03 1.153074
 0.03325 1.152496
 0.01375 1.155162
 0.03 1.154992
 0.0265 1.153335
 0.01975 1.153102
 -0.00225 1.152669
 0.003 1.152495
 0.02 1.152387
 0.026 1.149285
 0.033 1.149182
 0.0225 1.150134
 0.026 1.149912
 0.00725 1.149592
 0.008500000000000001 1.149251
 0.0105 1.14907
 0.044 1.148679
 -0.008 1.148524
 0.00575 1.149687
 0.02525 1.14937
 0.005 1.149284
 0.00175 1.148812
 0.0225 1.148394
 0.02 1.148075
 0.03175 1.147701
 0.04325 1.145103
 0.026 1.14503
 0.01375 1.14488
 0.024 1.144597
 0.00575 1.144179
 0.00175 1.143821
 0.02375 1.143357
 0.024 1.144317
 0.02775 1.144192
 0.031 1.144017
 0.00375 1.143983
 0.02325 1.143799
 0.02125 1.146228
 0.0205 1.146066
 0.025 1.145612
 0.0105 1.145348
 0.043 1.145221
 0.0145 1.144858
 0.019 1.144882
 0.00725 1.144746
 0.01525 1.144269
 0.0185 1.14561
 0.01175 1.145261
 0.01575 1.14484
 -0.001 1.144753
 0.01775 1.141694
 0.00575 1.141695
 -0 1.141352
 -0.00275 1.139838
 -0.0075 1.139581
 0.03 1.139268
 0.027 1.139178
 0.01925 1.138958
 0.01375 1.138743
 0.02775 1.139998
 0.02975 1.139712
 0.01975 1.139646
 0.016 1.139515
 0.007 1.13917
 0.0165 1.139174
 -0.006 1.138739
 0.00575 1.137167
 0.0205 1.137121
 0.02525 1.136871
 0.028 1.136896
 -0.00425 1.136928
 0.00175 1.133853
 0.0325 1.133676
 0.0245 1.13202
 0.0025 1.131761
 0.00775 1.131719
 0.0185 1.131714
 0.00925 1.131684
 -0.0135 1.134273
 0.00575 1.134084
 0.031 1.13525
 -0.0055 1.134925
 -0.00025 1.134775
 0.025 1.134477
 0.019 1.134351
 0.02175 1.131743
 0.00925 1.131452
 0.011 1.132719
 0.0065 1.132628
 0.037 1.132572
 0.0245 1.132584
 0.016 1.134953
 -0 1.134797
 0.01325 1.134376
 0.01525 1.131438
 0.04375 1.131521
 0.02525 1.13155
 0.023 1.131565
 0.003 1.131522
 -0.002 1.131194
 0.0365 1.130925
 -0.02025 1.130572
 0.012 1.130491
 0.0125 1.13049
 0.03325 1.130364
 -0.002 1.130361
 0.031 1.130191
 0.01925 1.131269
 0.02125 1.131195
 0.01725 1.130953
 0.00175 1.130747
 0.008 1.130794
 0.0225 1.130533
 0.019 1.130585
 0.03725 1.130536
 0.008500000000000001 1.130204
 -0.00425 1.130279
 0.0185 1.129983
 0.01 1.129727
 0.0145 1.129779
 0.0265 1.129389
 0.019 1.130768
 0.02175 1.130842
 0.001 1.130556
 0.0025 1.130522
 0.0165 1.130235
 0.02525 1.130303
 0.015 1.130275
 -0.017 1.128754
 0.00375 1.128755
 0.024 1.128519
 0.00125 1.128375
 0.01 1.128445
 -0.00425 1.128268
 0.01575 1.12831
 0.0225 1.126839
 0.0245 1.126613
 0.008999999999999999 1.126511
 0.01325 1.126296
 0.0285 1.123535
 0.023 1.123591
 0.04125 1.123426
 0.036 1.125949
 -0.00025 1.125679
 0.01975 1.125463
 0.005 1.125389
 0.01575 1.12508
 0.027 1.12509
 0.00775 1.12519
 0.0105 1.12357
 0.012 1.123598
 0.01375 1.123609
 0.03725 1.123333
 0.024 1.123388
 -0.0075 1.123045
 0.029 1.121579
 0.0145 1.121688
 0.0065 1.121428
 0.01525 1.121388
 0.005 1.121361
 0.023 1.121118
 0.01525 1.121211
 0.02575 1.122352
 0.008999999999999999 1.12243
 0.006 1.122568
 0.026 1.122451
 0.02525 1.122318
 0.01775 1.124973
 0.024 1.124862
 0.012 1.124745
 0.014 1.124695
 0.0285 1.124557
 -0 1.124532
 0.02125 1.124484
 0.018 1.121669
 0.02 1.12154
 0.021 1.118849
 0.018 1.118855
 0.005 1.118734
 0.02725 1.118694
 0.0125 1.118638
 0.02325 1.118547
 0.04 1.118473
 0.022 1.119737
 0.0045 1.119691
 0.03 1.119589
 0.013 1.11959
 0.0245 1.119553
 0.01975 1.119551
