# Created by Octave 3.0.5, Wed Nov 25 22:41:57 2009 EST <matthewbot@Matt>
# name: samples
# type: matrix
# rows: 4273
# columns: 2
 -0.238513 0.0036
 -0.244651 0.0236
 -0.236441 0.0036
 -0.230226 0.0156
 -0.23938 -0.0204
 -0.227318 0.0036
 -0.237938 -0.0004
 -0.230784 -0.008399999999999999
 -0.236504 0.0116
 -0.240444 0.0116
 -0.229538 -0.0044
 -0.242528 0.0076
 -0.242515 0.0156
 -0.230929 -0.0204
 -0.248083 -0.008399999999999999
 -0.238949 0.0116
 -0.237383 -0.0004
 -0.236451 0.0116
 -0.24571 -0.008399999999999999
 -0.237947 0.0036
 -0.227554 0.0036
 -0.226654 0.0036
 -0.245095 0.0156
 -0.232694 0.0076
 -0.231699 -0.0004
 -0.236958 -0.0044
 -0.235809 0.0076
 -0.241974 0.0036
 -0.233871 -0.0044
 -0.22559 -0.0004
 -0.244512 0.0036
 -0.233353 -0.0004
 -0.237822 -0.0044
 -0.233649 0.0076
 -0.256065 -0.0284
 -0.247623 0.0036
 -0.22645 0.0036
 -0.234316 -0.008399999999999999
 -0.214012 0.0236
 -0.241517 -0.0124
 -0.23841 -0.0124
 -0.218224 0.0076
 -0.23432 0.0116
 -0.248083 0.0116
 -0.222401 0.0276
 -0.229239 -0.0044
 -0.242027 0.0036
 -0.236819 0.0036
 -0.228057 0.0036
 -0.243698 -0.0004
 -0.248236 -0.0124
 -0.240962 0.0116
 -0.235831 0.0076
 -0.236817 -0.0124
 -0.226544 -0.0044
 -0.225796 0.0156
 -0.235469 0.0076
 -0.237951 0.0076
 -0.234751 -0.0044
 -0.238423 0.0036
 -0.221021 -0.0004
 -0.23636 -0.0324
 -0.239468 -0.0124
 -0.246174 -0.0244
 -0.240949 -0.0044
 -0.23467 0.0276
 -0.240012 -0.0004
 -0.240498 -0.0044
 -0.233331 0.0196
 -0.246674 -0.0004
 -0.237885 0.0116
 -0.239928 0.0036
 -0.229528 0.0036
 -0.240444 0.0196
 -0.248295 -0.0244
 -0.256551 0.0076
 -0.245535 -0.0004
 -0.23001 0.0076
 -0.228908 -0.0044
 -0.249802 0.0196
 -0.250817 0.0076
 -0.241552 0.0036
 -0.229064 0.0276
 -0.242563 -0.008399999999999999
 -0.248678 0.0196
 -0.254967 -0.0124
 -0.246775 -0.0244
 -0.241542 -0.008399999999999999
 -0.237475 0.0156
 -0.241677 0.0076
 -0.246183 0.0076
 -0.240012 0.0156
 -0.249716 -0.0204
 -0.239264 -0.0284
 -0.240471 0.0036
 -0.237348 -0.008399999999999999
 -0.239468 0.0076
 -0.251801 -0.0044
 -0.232163 -0.008399999999999999
 -0.238318 0.0116
 -0.248678 0.0236
 -0.231037 0.0076
 -0.235164 -0.0044
 -0.23313 -0.0004
 -0.249716 0.0156
 -0.231465 -0.0124
 -0.228504 -0.008399999999999999
 -0.238361 0.0196
 -0.241974 -0.008399999999999999
 -0.234838 -0.0164
 -0.231294 -0.0004
 -0.232163 -0.008399999999999999
 -0.229716 -0.0044
 -0.234838 0.0116
 -0.231197 -0.0044
 -0.22713 0.0036
 -0.243582 -0.008399999999999999
 -0.232922 -0.008399999999999999
 -0.247715 -0.0164
 -0.256658 -0.0164
 -0.244047 -0.0164
 -0.235174 -0.008399999999999999
 -0.230002 -0.0204
 -0.231957 -0.0124
 -0.250807 -0.0124
 -0.23937 0.0036
 -0.234188 0.0116
 -0.243582 -0.0004
 -0.245687 -0.0004
 -0.245687 -0.0004
 -0.241022 0.0036
 -0.230753 -0.0124
 -0.235164 0.0236
 -0.237348 -0.0004
 -0.229158 -0.0044
 -0.241542 0.0036
 -0.242541 -0.008399999999999999
 -0.243577 0.0036
 -0.248851 -0.0164
 -0.241488 -0.0164
 -0.242541 -0.0004
 -0.254969 0.0076
 -0.241425 0.0116
 -0.224933 0.0116
 -0.254969 0.0036
 -0.242583 -0.0004
 -0.240471 0.0036
 -0.246775 -0.0004
 -0.242578 -0.0044
 -0.25711 -0.0004
 -0.249902 -0.008399999999999999
 -0.24778 0.0036
 -0.229986 0.0116
 -0.245652 0.0076
 -0.241974 0.0236
 -0.22159 -0.008399999999999999
 -0.228879 -0.0004
 -0.232225 0.0036
 -0.243698 0.0156
 -0.239506 0.0036
 -0.241542 -0.0004
 -0.253445 -0.0044
 -0.232694 0.0036
 -0.240475 0.0076
 -0.236304 -0.0004
 -0.247745 -0.0124
 -0.240475 -0.0044
 -0.244683 -0.008399999999999999
 -0.252989 -0.0004
 -0.2665 0.0116
 -0.259004 0.0076
 -0.241488 -0.0124
 -0.236819 0.0196
 -0.247138 -0.0164
 -0.240394 -0.0004
 -0.224933 -0.0044
 -0.232163 -0.0004
 -0.248751 0.0116
 -0.259266 -0.0044
 -0.239719 0.0196
 -0.231197 0.0116
 -0.226636 0.0036
 -0.251361 0.0076
 -0.242723 -0.0204
 -0.234375 0.0076
 -0.256912 0.0036
 -0.241488 -0.0164
 -0.233413 -0.008399999999999999
 -0.231919 -0.0124
 -0.240558 -0.0284
 -0.176183 0.0036
 -0.249822 0.0076
 -0.252325 0.0036
 -0.235991 0.0076
 -0.240995 -0.0204
 -0.226581 0.0076
 -0.244582 0.0076
 -0.249827 0.0156
 -0.24461 0.0036
 -0.240471 -0.008399999999999999
 -0.241542 -0.0004
 -0.241552 -0.0004
 -0.248882 0.0396
 -0.230753 0.0076
 -0.22671 -0.0044
 -0.235809 0.0076
 -0.237938 0.0036
 -0.231294 0.0116
 -0.250944 0.0156
 -0.240962 0.0236
 -0.242053 0.0076
 -0.244075 -0.0204
 -0.245089 -0.0044
 -0.225543 -0.008399999999999999
 -0.236341 0.0116
 -0.255006 -0.0004
 -0.239366 0.0196
 -0.252891 -0.0044
 -0.24557 0.0076
 -0.243563 0.0116
 -0.254092 0.0116
 -0.248857 -0.0124
 -0.245597 -0.0124
 -0.240471 -0.0124
 -0.24143 -0.0044
 -0.245112 -0.0004
 -0.240012 -0.0004
 -0.254056 0.0076
 -0.250865 0.0076
 -0.240399 0.0236
 -0.237348 -0.0004
 -0.235345 -0.0044
 -0.231245 -0.008399999999999999
 -0.248819 0.0076
 -0.243555 0.0076
 -0.256036 0.0076
 -0.240605 0.0116
 -0.246775 0.0116
 -0.253929 0.0236
 -0.23937 0.0196
 -0.243139 -0.008399999999999999
 -0.251922 0.0076
 -0.240471 -0.0004
 -0.243541 0.0156
 -0.237208 0.0156
 -0.231209 -0.0004
 -0.248857 -0.0124
 -0.243603 -0.0004
 -0.231015 0.0316
 -0.243729 0.0076
 -0.254426 -0.0004
 -0.255485 0.0116
 -0.252972 0.0156
 -0.238361 0.0076
 -0.240483 -0.0044
 -0.259234 0.0076
 -0.244596 -0.0124
 -0.239366 0.0036
 -0.260157 0.0036
 -0.260157 0.0036
 -0.238089 0.0116
 -0.247803 0.0036
 -0.251922 -0.0244
 -0.242599 0.0076
 -0.235205 0.0036
 -0.229158 -0.0044
 -0.231282 0.0036
 -0.243555 -0.0164
 -0.237348 -0.0044
 -0.260242 0.0156
 -0.245192 -0.0004
 -0.246183 -0.008399999999999999
 -0.243691 0.0076
 -0.233253 0.0076
 -0.235788 0.0156
 -0.250342 -0.0004
 -0.255152 -0.0044
 -0.243541 -0.0124
 -0.238361 -0.0124
 -0.227997 0.0036
 -0.242113 -0.0164
 -0.249907 -0.0044
 -0.242498 -0.0164
 -0.250897 0.0076
 -0.249716 -0.0044
 -0.244047 -0.0004
 -0.226581 -0.0004
 -0.252464 -0.0044
 -0.259556 -0.0204
 -0.248236 0.0196
 -0.248293 -0.0004
 -0.246203 -0.0004
 -0.256036 -0.0004
 -0.246727 -0.0124
 -0.240408 -0.0004
 -0.238361 0.0196
 -0.248155 -0.0124
 -0.252286 0.0116
 -0.249271 -0.008399999999999999
 -0.244134 -0.0004
 -0.250217 0.0076
 -0.245697 -0.0004
 -0.242596 0.0076
 -0.235928 0.0116
 -0.239928 0.0116
 -0.239468 -0.008399999999999999
 -0.248857 -0.0044
 -0.255503 0.0156
 -0.25736 -0.0164
 -0.244166 -0.008399999999999999
 -0.248247 0.0036
 -0.251512 0.0076
 -0.256284 0.0076
 -0.243634 0.0236
 -0.254481 -0.0044
 -0.235823 0.0156
 -0.244651 0.0116
 -0.23937 -0.0044
 -0.244154 0.0036
 -0.245119 -0.0044
 -0.257377 -0.0044
 -0.23916 -0.0004
 -0.236039 -0.008399999999999999
 -0.249271 -0.0244
 -0.243007 0.0036
 -0.236379 -0.0164
 -0.258985 0.0036
 -0.235362 -0.0004
 -0.256996 -0.008399999999999999
 -0.26233 0.0036
 -0.24264 0.0076
 -0.240049 -0.0044
 -0.249281 -0.0124
 -0.23696 -0.008399999999999999
 -0.238949 0.0076
 -0.254461 -0.0004
 -0.241542 -0.0044
 -0.247803 -0.0044
 -0.24264 0.0116
 -0.239469 -0.0044
 -0.23607 0.0076
 -0.246245 0.0076
 -0.234112 -0.0004
 -0.245695 -0.0044
 -0.24557 -0.0004
 -0.24557 -0.0004
 -0.243541 -0.0244
 -0.236819 -0.0124
 -0.24201 -0.0124
 -0.262404 0.0076
 -0.246756 0.0116
 -0.240152 0.0076
 -0.253934 -0.0044
 -0.247729 -0.0124
 -0.257304 -0.008399999999999999
 -0.230972 0.0076
 -0.223402 -0.008399999999999999
 -0.258502 -0.0004
 -0.250384 -0.0044
 -0.242113 0.0036
 -0.257427 -0.0044
 -0.240152 -0.0004
 -0.251245 -0.0044
 -0.243149 -0.008399999999999999
 -0.238992 0.0116
 -0.244582 0.0236
 -0.240605 -0.0004
 -0.248857 -0.008399999999999999
 -0.249854 -0.0004
 -0.2503 -0.0164
 -0.244185 -0.008399999999999999
 -0.248302 0.0116
 -0.259113 0.0036
 -0.263127 -0.0004
 -0.261236 0.0036
 -0.247775 -0.0284
 -0.228908 0.0036
 -0.256009 0.0036
 -0.241946 0.0036
 -0.232625 -0.008399999999999999
 -0.252337 -0.0124
 -0.247212 0.0116
 -0.25242 0.0076
 -0.25407 0.0196
 -0.243555 -0.0044
 -0.241559 -0.0124
 -0.257138 0.0156
 -0.255485 -0.008399999999999999
 -0.230693 -0.0044
 -0.249324 -0.0004
 -0.244185 0.0036
 -0.241127 -0.0044
 -0.243668 -0.0044
 -0.259053 -0.0044
 -0.244705 -0.0284
 -0.233253 0.0076
 -0.247138 -0.0044
 -0.250342 0.0036
 -0.252862 -0.0004
 -0.249822 -0.0124
 -0.2503 -0.008399999999999999
 -0.252428 0.0116
 -0.251375 -0.0204
 -0.255152 0.0116
 -0.242541 -0.0204
 -0.24298 -0.0004
 -0.249281 -0.008399999999999999
 -0.259971 -0.0004
 -0.221399 -0.0164
 -0.249281 -0.0124
 -0.244146 0.0076
 -0.236451 -0.0124
 -0.222401 -0.008399999999999999
 -0.251256 0.0116
 -0.249271 0.0116
 -0.224239 -0.0044
 -0.228377 -0.0164
 -0.22843 -0.0164
 -0.243007 0.0036
 -0.254398 -0.0044
 -0.256563 0.0076
 -0.245119 -0.008399999999999999
 -0.258538 0.0036
 -0.248232 -0.0124
 -0.238938 -0.0004
 -0.24873 -0.0124
 -0.226713 0.0116
 -0.24298 -0.0244
 -0.243093 -0.0244
 -0.230654 -0.0004
 -0.242053 -0.0124
 -0.253292 0.0076
 -0.247253 -0.0044
 -0.251922 -0.0004
 -0.24311 0.0036
 -0.258231 -0.0124
 -0.243549 -0.0124
 -0.237522 -0.0004
 -0.241067 -0.0204
 -0.248155 -0.0124
 -0.237943 -0.0124
 -0.232844 -0.0004
 -0.247212 0.0156
 -0.245105 0.0236
 -0.241089 0.0076
 -0.263237 -0.0044
 -0.247803 -0.0044
 -0.261236 -0.0124
 -0.245763 0.0036
 -0.243729 0.0036
 -0.257138 -0.0204
 -0.24824 0.0036
 -0.248292 0.0156
 -0.24009 0.0076
 -0.247214 0.0116
 -0.233871 -0.0044
 -0.240028 0.0196
 -0.232694 -0.0004
 -0.238318 0.0076
 -0.234155 0.0116
 -0.242081 -0.0004
 -0.245192 -0.0044
 -0.248243 -0.0044
 -0.254398 0.0196
 -0.253484 0.0156
 -0.254398 -0.0124
 -0.252427 -0.008399999999999999
 -0.257151 0.0036
 -0.213337 -0.0204
 -0.25035 0.0036
 -0.231699 -0.0164
 -0.2503 -0.0044
 -0.259423 -0.0124
 -0.24009 0.0036
 -0.241067 -0.0004
 -0.246224 -0.0004
 -0.248296 -0.0044
 -0.239986 -0.008399999999999999
 -0.246811 -0.0124
 -0.254092 -0.0244
 -0.226481 -0.0124
 -0.23097 -0.0124
 -0.251271 -0.0124
 -0.246183 -0.0004
 -0.249187 0.0036
 -0.250897 -0.0164
 -0.244596 -0.0284
 -0.238949 -0.0204
 -0.238938 -0.0204
 -0.238938 -0.0204
 -0.234824 -0.0044
 -0.258536 -0.07240000000000001
 -0.247018 -0.1004
 -0.244204 -0.0964
 -0.239172 -0.0044
 -0.2556 0.0796
 -0.245141 0.0716
 -0.235562 -0.008399999999999999
 -0.251273 -0.1164
 -0.268955 -0.1764
 -0.271325 -0.2004
 -0.261348 -0.2164
 -0.260293 -0.2364
 -0.230409 -0.2684
 -0.251361 -0.2564
 -0.226461 -0.2364
 -0.232323 -0.1964
 -0.232291 -0.2244
 -0.228373 -0.2364
 -0.246207 -0.2404
 -0.255135 -0.2604
 -0.260986 -0.2764
 -0.269711 -0.2764
 -0.248244 -0.2884
 -0.249816 -0.3124
 -0.256125 -0.3564
 -0.269492 -0.3564
 -0.268532 -0.3524
 -0.266278 -0.3124
 -0.253959 -0.2444
 -0.266451 -0.2164
 -0.278071 -0.2324
 -0.29082 -0.2804
 -0.293904 -0.3404
 -0.290869 -0.3964
 -0.294764 -0.4244
 -0.302977 -0.4124
 -0.282746 -0.3724
 -0.296499 -0.3364
 -0.286682 -0.3324
 -0.293862 -0.3404
 -0.287575 -0.3444
 -0.302631 -0.4444
 -0.305753 -0.4764
 -0.312463 -0.5644
 -0.323194 -0.5804
 -0.319868 -0.5004
 -0.318421 -0.4044
 -0.337839 -0.3884
 -0.332723 -0.4604
 -0.336308 -0.5044
 -0.310361 -0.5604
 -0.323981 -0.5364
 -0.332043 -0.5364
 -0.332312 -0.5884
 -0.342801 -0.6044
 -0.347422 -0.5204
 -0.347179 -0.4644
 -0.353249 -0.4164
 -0.356997 -0.4724
 -0.356476 -0.5404
 -0.349436 -0.5484
 -0.353489 -0.5044
 -0.376188 -0.4764
 -0.373866 -0.4884
 -0.36057 -0.5564
 -0.35717 -0.5684
 -0.366627 -0.5924
 -0.362715 -0.6124000000000001
 -0.368275 -0.6444
 -0.376418 -0.6604
 -0.38622 -0.6604
 -0.377835 -0.7403999999999999
 -0.397097 -0.8044
 -0.382265 -0.7644
 -0.379989 -0.6644
 -0.391597 -0.5364
 -0.408072 -0.5644
 -0.395074 -0.6324
 -0.401246 -0.7164
 -0.416068 -0.7484
 -0.424537 -0.7044
 -0.453393 -0.6804
 -0.470441 -0.6484
 -0.444726 -0.7084
 -0.492954 -0.7044
 -0.529999 -0.6804
 -0.511926 -0.6644
 -0.553192 -0.7124
 -0.501814 -0.8444
 -0.38242 -1.0044
 -0.431237 -0.9724
 -0.443366 -0.8484
 -0.407504 -0.6924
 -0.482455 -0.5524
 -0.497846 -0.6084000000000001
 -0.49328 -0.6004
 -0.457471 -0.7284
 -0.455896 -0.9364
 -0.455534 -1.1724
 -0.484099 -1.2164
 -0.504898 -1.1524
 -0.527872 -0.9964
 -0.532464 -0.8884
 -0.517835 -0.8924
 -0.546715 -1.0004
 -0.527537 -1.1084
 -0.550731 -1.2404
 -0.5761810000000001 -1.1604
 -0.576979 -0.9164
 -0.56582 -0.6724
 -0.5646949999999999 -0.7124
 -0.581724 -0.9084
 -0.580555 -1.1244
 -0.61671 -1.2004
 -0.565461 -1.0764
 -0.587103 -0.7924
 -0.628142 -0.5284
 -0.613866 -0.4404
 -0.604032 -0.6084000000000001
 -0.577078 -0.8244
 -0.606785 -0.9444
 -0.616657 -0.9044
 -0.641257 -0.7724
 -0.628186 -0.6964
 -0.64156 -0.7284
 -0.665579 -0.7924
 -0.691541 -0.9044
 -0.702319 -0.9804
 -0.734328 -0.9964
 -0.696834 -0.9004
 -0.67968 -0.7844
 -0.688625 -0.6604
 -0.6333220000000001 -0.6484
 -0.768471 -0.7604
 -0.73907 -0.8044
 -0.689523 -0.7604
 -0.737268 -0.7324000000000001
 -0.692937 -0.7684
 -0.749841 -0.7644
 -0.769811 -0.7564
 -0.736795 -0.7084
 -0.67598 -0.6204
 -0.684202 -0.6204
 -0.695698 -0.5884
 -0.684076 -0.6644
 -0.690393 -0.7284
 -0.735469 -0.7364000000000001
 -0.780832 -0.7244
 -0.862328 -0.7164
 -0.804289 -0.7164
 -0.806566 -0.7444
 -0.782066 -0.7724
 -0.80482 -0.7844
 -0.71255 -0.7684
 -0.704281 -0.7324000000000001
 -0.674468 -0.7564
 -0.692807 -0.8044
 -0.6715370000000001 -0.8364
 -0.633086 -0.7604
 -0.65809 -0.6684
 -0.668314 -0.7084
 -0.746044 -0.8044
 -0.781738 -0.9084
 -0.800156 -0.9004
 -0.842818 -0.8044
 -0.831615 -0.7244
 -0.821941 -0.6604
 -0.838679 -0.6924
 -0.850922 -0.7204
 -0.843144 -0.7604
 -0.842257 -0.6764
 -0.867583 -0.5924
 -0.8422539999999999 -0.5684
 -0.854895 -0.5964
 -0.847786 -0.5484
 -0.895408 -0.4884
 -0.877033 -0.4324
 -0.793544 -0.4724
 -0.873335 -0.5284
 -0.844144 -0.5604
 -0.895324 -0.5044
 -0.87331 -0.4284
 -0.866622 -0.3724
 -0.871609 -0.4124
 -0.896627 -0.4844
 -0.869143 -0.5124
 -0.864166 -0.4404
 -0.879189 -0.3604
 -0.894088 -0.3604
 -0.892965 -0.3764
 -0.886867 -0.4404
 -0.897237 -0.4644
 -0.904556 -0.4404
 -0.917503 -0.4244
 -0.910801 -0.3564
 -0.917095 -0.3284
 -0.908833 -0.3164
 -0.9374400000000001 -0.3244
 -0.931777 -0.3044
 -0.921279 -0.2724
 -0.92375 -0.1764
 -0.934916 -0.0644
 -0.922367 -0.008399999999999999
 -0.943841 0.0396
 -0.970543 0.1196
 -0.966279 0.2156
 -0.950889 0.2916
 -0.927926 0.3316
 -0.919385 0.3356
 -0.9147 0.3876
 -0.923297 0.3876
 -0.928509 0.3876
 -0.911755 0.3796
 -0.917563 0.3596
 -0.917312 0.3596
 -0.884425 0.3636
 -0.876888 0.3716
 -0.897872 0.3476
 -0.882307 0.3356
 -0.869016 0.2996
 -0.855365 0.2956
 -0.8812 0.2996
 -0.877825 0.3356
 -0.863936 0.3396
 -0.85942 0.3356
 -0.868034 0.3116
 -0.8748359999999999 0.3316
 -0.879217 0.3476
 -0.8713419999999999 0.3836
 -0.880941 0.3756
 -0.878026 0.3596
 -0.891997 0.3516
 -0.88454 0.3756
 -0.878837 0.3876
 -0.883955 0.4036
 -0.8584079999999999 0.3956
 -0.85203 0.4436
 -0.87357 0.4396
 -0.87295 0.4316
 -0.869709 0.4676
 -0.862792 0.4676
 -0.8406169999999999 0.4916
 -0.850506 0.5076000000000001
 -0.847375 0.5236
 -0.8286289999999999 0.5356
 -0.825182 0.5796
 -0.830525 0.5756
 -0.818102 0.6116
 -0.8227950000000001 0.6156
 -0.8069770000000001 0.6276
 -0.806488 0.5716
 -0.7997379999999999 0.5716
 -0.802134 0.6316000000000001
 -0.811455 0.6836
 -0.8231619999999999 0.7116
 -0.795154 0.7076
 -0.7893019999999999 0.6756
 -0.790727 0.6876
 -0.776971 0.6676
 -0.773668 0.7236
 -0.763281 0.7756
 -0.781122 0.8436
 -0.781456 0.8875999999999999
 -0.748561 0.8636
 -0.754206 0.8036
 -0.740967 0.8116
 -0.760747 0.8596
 -0.766853 1.0476
 -0.752632 1.1236
 -0.751906 1.0316
 -0.747193 0.9476
 -0.719979 0.8915999999999999
 -0.674875 0.9356
 -0.706636 1.0196
 -0.7177210000000001 1.0836
 -0.668092 1.1796
 -0.646369 1.2236
 -0.678277 1.2356
 -0.64733 1.1356
 -0.589736 1.0076
 -0.633938 0.8996
 -0.617691 0.8596
 -0.679822 0.8476
 -0.6403799999999999 0.9196
 -0.595822 0.9516
 -0.608862 0.9756
 -0.59944 0.9756
 -0.621436 0.9316
 -0.647773 1.0156
 -0.658267 1.1556
 -0.581433 1.1076
 -0.643939 1.0116
 -0.51807 0.7796
 -0.585711 0.8516
 -0.6485300000000001 1.1636
 -0.635054 1.4476
 -0.607836 1.4836
 -0.531234 1.2276
 -0.554979 0.8796
 -0.543122 0.8396
 -0.560093 0.9516
 -0.562985 1.1116
 -0.5218429999999999 1.1316
 -0.530825 1.0676
 -0.493262 1.0356
 -0.496093 1.0516
 -0.544839 1.1236
 -0.510304 1.0916
 -0.482944 1.0116
 -0.437958 0.9836
 -0.486193 1.0196
 -0.478229 1.1876
 -0.454721 1.2836
 -0.427764 1.2836
 -0.461367 1.1316
 -0.430345 1.0316
 -0.410995 0.9556
 -0.463615 1.0276
 -0.298536 1.2156
 -0.383798 1.4036
 -0.393463 1.5196
 -0.32851 1.2636
 -0.488073 0.9036
 -0.398341 0.7116
 -0.401164 0.7876
 -0.372579 0.9476
 -0.402388 1.1636
 -0.364492 1.2836
 -0.297996 1.4476
 -0.309206 1.4316
 -0.383525 1.2436
 -0.38238 0.9996
 -0.347534 0.7916
 -0.323949 0.7996
 -0.341244 0.9356
 -0.326215 1.1876
 -0.307823 1.4356
 -0.32443 1.5236
 -0.356094 1.3756
 -0.367745 0.9596
 -0.376067 0.7276
 -0.271765 0.9516
 -0.117884 1.5036
 -0.24892 1.8516
 -0.310002 1.4036
 -0.355847 0.9436
 -0.386221 0.5036
 -0.186291 0.5196
 -0.18702 1.0996
 -0.198756 1.6076
 -0.150762 1.6996
 -0.28123 1.4196
 -0.233653 1.0796
 -0.13707 1.1076
 -0.192527 1.1596
 -0.170252 1.0716
 -0.26522 0.9636
 -0.249655 1.2036
 -0.249301 1.2036
 -0.189923 1.4396
 -0.144751 1.3916
 -0.002559 1.3076
 0.008595999999999999 1.0156
 -0.15291 1.0236
 -0.08640399999999999 0.9156
 -0.170191 1.4516
 -0.164327 2.0236
 -0.086481 1.9796
 -0.08913600000000001 0.9836
 -0.179332 0.0356
 -0.046933 -0.1684
 -0.089481 0.7276
 -0.112739 1.7916
 -0.206481 2.2716
 -0.231579 2.2356
 -0.33983 1.4756
 -0.283442 0.7876
 -0.175648 0.5796
 -0.112457 0.7236
 -0.01882 1.0596
 0.140898 1.3516
 0.17658 1.4836
 0.036213 1.3156
 0.109606 0.9716
 -0.035393 0.6356000000000001
 -0.0788 0.4836
 -0.08931 0.6076
 -0.012529 0.9316
 -0.06248 0.9796
 -0.033542 1.2476
 -0.07556 1.3556
 -0.015051 1.1556
 0.002475 0.8596
 -0.000907 1.0236
 -0.023822 1.2676
 0.016912 1.1316
 0.023826 0.8116
 -0.025902 0.7716
 -0.022808 0.9636
 0.00763 1.1156
 0.025899 0.9836
 0.062776 0.7956
 0.017718 0.8996
 0.175385 1.0836
 0.137944 1.2996
 -0.079499 1.2396
 0.07108399999999999 1.0516
 -0.040398 1.0676
 0.070533 1.2116
 0.298766 1.1076
 0.430031 1.0156
 0.203508 0.7276
 0.129855 0.6435999999999999
 0.099494 0.7635999999999999
 0.004056 1.0556
 -0.007107 1.0156
 0.127667 0.8956
 0.226976 0.8556
 0.234042 0.9276
 0.160505 1.0516
 0.148163 1.2636
 0.204588 1.5356
 0.126859 1.2596
 0.041623 0.7356
 0.09148000000000001 0.3596
 0.067693 0.6116
 0.195601 0.9756
 0.300006 1.1116
 0.21203 1.0836
 0.281474 1.1476
 0.281474 1.1476
 0.146584 1.1876
 0.138953 1.1476
 0.08141900000000001 1.2156
 0.194348 0.9196
 0.312852 0.4876
 0.376166 0.5276
 0.303499 0.8796
 0.218039 1.2036
 0.206087 1.1676
 0.145634 1.0156
 0.286613 0.6916
 0.352426 0.6036
 0.385329 0.5076000000000001
 0.273973 0.5436
 0.2073 0.7836
 0.258428 1.0956
 0.340054 1.1476
 0.317909 1.1316
 0.345929 0.8356
 0.349064 0.6516
 0.363926 0.4796
 0.378658 0.5516
 0.250351 0.6956
 0.338518 0.7675999999999999
 0.374108 0.7036
 0.377095 0.6356000000000001
 0.319131 0.5596
 0.242482 0.5996
 0.315363 0.5836
 0.309321 0.5636
 0.474522 0.4756
 0.367486 0.4476
 0.427518 0.5436
 0.425649 0.7116
 0.344839 0.8516
 0.320016 0.8996
 0.389662 0.7635999999999999
 0.422165 0.6836
 0.286228 0.7316
 0.329091 0.6796
 0.381496 0.5676
 0.358502 0.5356
 0.407848 0.6236
 0.43153 0.7476
 0.441187 0.6316000000000001
 0.40996 0.5636
 0.385588 0.4636
 0.460005 0.5676
 0.398977 0.6076
 0.383686 0.7036
 0.406267 0.5316
 0.396156 0.3956
 0.421489 0.3116
 0.34671 0.2636
 0.411387 0.2396
 0.330638 0.2796
 0.391042 0.3956
 0.522654 0.4636
 0.462772 0.3556
 0.474722 0.1556
 0.539421 0.0476
 0.512726 0.0236
 0.500682 0.1316
 0.485781 0.2116
 0.454011 0.1956
 0.452652 0.0596
 0.515792 -0.0604
 0.495634 -0.08840000000000001
 0.464797 -0.1124
 0.46316 -0.0844
 0.434141 -0.0564
 0.434141 -0.0564
 0.426387 -0.0684
 0.430481 -0.1004
 0.407163 -0.1604
 0.420803 -0.1804
 0.423616 -0.2084
 0.407546 -0.2044
 0.401375 -0.2084
 0.402931 -0.2844
 0.408708 -0.4084
 0.403123 -0.4924
 0.40981 -0.5564
 0.425108 -0.5764
 0.411095 -0.6124000000000001
 0.431338 -0.6204
 0.397891 -0.5004
 0.386803 -0.4924
 0.41794 -0.6204
 0.398172 -0.7844
 0.366222 -0.8484
 0.338148 -0.7484
 0.436195 -0.5644
 0.49363 -0.5404
 0.47901 -0.5124
 0.377741 -0.3924
 0.325071 -0.3124
 0.294161 -0.4124
 0.307759 -0.4604
 0.322805 -0.7884
 0.365923 -1.0564
 0.277588 -1.2964
 0.317593 -1.6244
 0.430238 -1.9764
 0.471437 -2.4484
 0.336304 -2.5844
 0.317291 -2.0444
 0.290321 -1.1924
 0.298787 -0.1324
 0.305466 0.4196
 0.297723 -0.6084000000000001
 0.295698 -2.2004
 0.277781 -3.0364
 0.29254 -2.6964
 0.256013 -1.9724
 0.260044 -1.5004
 0.241523 -1.2524
 0.177415 -1.2044
 0.242287 -1.3644
 0.216138 -1.6124
 0.251401 -1.7204
 0.230772 -1.4204
 0.247182 -1.0764
 0.282186 -1.2564
 0.232075 -1.7324
 0.212158 -1.9204
 0.198462 -1.7644
 0.18278 -1.0724
 0.169484 -0.9764
 0.155817 -1.2444
 0.143675 -1.6044
 0.112556 -2.0484
 0.20387 -1.8964
 0.133796 -1.4444
 0.11108 -0.2484
 0.060357 -0.1524
 -0.016682 -0.8683999999999999
 -0.046729 -2.5244
 0.048843 -3.6124
 0.08089399999999999 -3.6484
 0.019015 -2.1764
 0.032287 -0.1404
 0.032589 -0.1404
 0.046056 0.7796
 0.030035 0.3676
 0.035502 -0.6884
 0.033396 -2.4004
 -0.018405 -2.9044
 -0.042081 -2.0524
 -0.001974 -0.7124
 -0.021045 0.4276
 -0.021549 0.4356
 -0.041423 -0.3044
 -0.04816 -1.0964
 -0.038426 -1.4204
 -0.022246 -1.0484
 0.06254700000000001 -1.1644
 0.056118 -0.6924
 0.017358 -0.3004
 0.003923 -0.3764
 -0.097571 -1.0004
 -0.09245399999999999 -1.8084
 -0.148489 -2.0764
 -0.122259 -1.6764
 -0.00654 -1.0884
 -0.095346 -0.9124
 -0.182497 -1.2724
 -0.170402 -1.5844
 -0.154358 -1.5484
 -0.16242 -1.3844
 -0.109023 -1.2644
 -0.103161 -1.2724
 -0.175773 -1.5924
 -0.175475 -1.7244
 -0.139536 -1.4324
 -0.174089 -1.0684
 -0.224182 -1.1524
 -0.203896 -1.5724
 -0.236215 -1.7644
 -0.240545 -1.6524
 -0.222734 -1.3284
 -0.202791 -1.2564
 -0.209759 -1.2884
 -0.31683 -1.5164
 -0.273872 -1.6084
 -0.232152 -1.5884
 -0.255374 -1.3244
 -0.204012 -1.2164
 -0.189726 -1.4204
 -0.281842 -1.6124
 -0.339191 -1.6124
 -0.37372 -1.5444
 -0.397539 -1.4604
 -0.371299 -1.5204
 -0.32305 -1.5764
 -0.389184 -1.5244
 -0.403936 -1.3884
 -0.384931 -1.3524
 -0.34654 -1.2884
 -0.426172 -1.2684
 -0.415655 -1.2604
 -0.438604 -1.3964
 -0.427051 -1.7204
 -0.354926 -1.8364
 -0.334948 -1.6644
 -0.440235 -1.2604
 -0.47618 -0.9404
 -0.437307 -0.8964
 -0.468451 -1.2244
 -0.501598 -1.4684
 -0.440193 -1.4724
 -0.403343 -1.2004
 -0.455217 -1.0964
 -0.457525 -1.0804
 -0.457525 -1.0804
 -0.481997 -1.3044
 -0.478014 -1.3964
 -0.489206 -1.4404
 -0.486891 -1.2644
 -0.550265 -1.1204
 -0.518321 -1.1044
 -0.547113 -1.1924
 -0.544585 -1.3564
 -0.545468 -1.4444
 -0.54943 -1.3404
 -0.567076 -1.2164
 -0.535282 -1.1564
 -0.558662 -1.2044
 -0.5782119999999999 -1.3564
 -0.558697 -1.3684
 -0.6140330000000001 -1.3164
 -0.600643 -1.3564
 -0.622872 -1.2844
 -0.631162 -1.2564
 -0.633201 -0.9444
 -0.631873 -0.8524
 -0.661809 -0.9764
 -0.650656 -1.2444
 -0.632574 -1.5044
 -0.663039 -1.6084
 -0.643568 -1.4524
 -0.68487 -1.0804
 -0.669002 -1.0084
 -0.702693 -1.0844
 -0.6971000000000001 -1.3164
 -0.700169 -1.4924
 -0.723147 -1.4564
 -0.72843 -1.3004
 -0.736157 -1.1044
 -0.763287 -0.9364
 -0.756208 -0.8643999999999999
 -0.7699780000000001 -0.9644
 -0.753108 -1.1684
 -0.771856 -1.3484
 -0.7721 -1.3524
 -0.781995 -1.2284
 -0.802486 -1.0004
 -0.782914 -0.8643999999999999
 -0.762839 -0.9324
 -0.8092510000000001 -1.1404
 -0.819887 -1.3484
 -0.838135 -1.2644
 -0.810102 -0.9484
 -0.820153 -0.7804
 -0.827153 -0.8524
 -0.849033 -1.0324
 -0.850897 -1.1404
 -0.89031 -1.1604
 -0.868154 -1.1644
 -0.905018 -1.1404
 -0.893999 -1.1004
 -0.901604 -0.9923999999999999
 -0.902498 -0.9084
 -0.9126030000000001 -0.8884
 -0.916411 -0.9404
 -0.944106 -0.9883999999999999
 -0.8802410000000001 -1.0844
 -0.942967 -1.0924
 -0.863551 -1.0684
 -0.897965 -0.9764
 -0.876914 -0.9883999999999999
 -0.911718 -0.9844000000000001
 -0.912478 -1.0084
 -0.923311 -1.0244
 -0.913191 -0.9883999999999999
 -0.913083 -1.0524
 -0.9383629999999999 -1.0524
 -0.972537 -1.0204
 -0.95075 -0.9964
 -0.954138 -0.9244
 -0.955716 -0.8324
 -0.979595 -0.7524
 -0.975079 -0.7604
 -0.973514 -0.8164
 -0.976172 -1.0644
 -0.993977 -1.3164
 -0.997958 -1.3964
 -0.999088 -1.0804
 -1.01397 -0.7244
 -1.034813 -0.6204
 -1.01736 -0.7764
 -1.026583 -1.0364
 -1.043298 -1.1164
 -1.063624 -1.0204
 -1.074457 -0.8804
 -1.060315 -0.8764
 -1.062828 -1.0164
 -1.073773 -1.2204
 -1.082695 -1.1124
 -1.078644 -0.7884
 -1.101732 -0.5404
 -1.110569 -0.6604
 -1.11453 -1.0164
 -1.135458 -1.2164
 -1.119055 -1.1164
 -1.092942 -0.8364
 -1.082061 -0.7284
 -1.095061 -0.9084
 -1.09418 -1.1804
 -1.094167 -1.2684
 -1.093006 -1.0404
 -1.0918 -0.7884
 -1.086387 -0.7964
 -1.090998 -1.0644
 -1.119587 -1.1524
 -1.129987 -1.1684
 -1.153216 -1.0924
 -1.170182 -1.0644
 -1.178277 -0.9564
 -1.189547 -0.7964
 -1.220504 -0.7084
 -1.232913 -0.8964
 -1.26698 -1.1044
 -1.286717 -1.1884
 -1.288945 -1.0204
 -1.271408 -0.7924
 -1.2833 -0.7364000000000001
 -1.282894 -0.8204
 -1.298426 -0.8724
 -1.280262 -0.8364
 -1.2797 -0.8604000000000001
 -1.274839 -0.9044
 -1.253678 -0.9284
 -1.247732 -0.8084
 -1.222413 -0.6604
 -1.215921 -0.6124000000000001
 -1.250332 -0.7564
 -1.22683 -1.0124
 -1.242884 -1.0604
 -1.222637 -0.9364
 -1.219198 -0.7044
 -1.200695 -0.5324
 -1.215781 -0.5684
 -1.222477 -0.7524
 -1.224692 -0.9764
 -1.272344 -1.0164
 -1.286661 -0.8643999999999999
 -1.289188 -0.6364
 -1.292152 -0.6364
 -1.339017 -0.5244
 -1.343015 -0.5764
 -1.342104 -0.6924
 -1.348433 -0.8244
 -1.350655 -0.8204
 -1.411659 -0.7444
 -1.432187 -0.6124000000000001
 -1.419792 -0.4884
 -1.411587 -0.5004
 -1.442996 -0.6284
 -1.43093 -0.6444
 -1.437618 -0.5564
 -1.438637 -0.4324
 -1.388724 -0.3964
 -1.384909 -0.4604
 -1.418944 -0.5924
 -1.396075 -0.6124000000000001
 -1.374571 -0.5724
 -1.370466 -0.5884
 -1.355495 -0.6964
 -1.355073 -0.8044
 -1.370897 -0.7764
 -1.36644 -0.6404
 -1.37616 -0.3644
 -1.385804 -0.3044
 -1.393916 -0.4124
 -1.389818 -0.6244
 -1.406042 -0.6564
 -1.424373 -0.6163999999999999
 -1.42056 -0.5124
 -1.427809 -0.5084
 -1.424526 -0.4764
 -1.395678 -0.4404
 -1.393765 -0.3604
 -1.388478 -0.3724
 -1.408583 -0.4364
 -1.406372 -0.4644
 -1.413649 -0.4164
 -1.419822 -0.3524
 -1.411229 -0.4044
 -1.423177 -0.4164
 -1.425517 -0.4084
 -1.416497 -0.3684
 -1.44294 -0.3404
 -1.429644 -0.3644
 -1.454444 -0.3884
 -1.505656 -0.2884
 -1.520115 -0.2124
 -1.504925 -0.0804
 -1.464996 -0.0524
 -1.459416 -0.1444
 -1.449778 -0.2484
 -1.440431 -0.2404
 -1.435645 -0.1364
 -1.403729 -0.1524
 -1.425961 -0.2244
 -1.421908 -0.3084
 -1.399729 -0.3284
 -1.3973 -0.3324
 -1.428096 -0.2044
 -1.437205 -0.0844
 -1.45877 -0.1084
 -1.456156 -0.1244
 -1.47437 -0.1244
 -1.483607 -0.08840000000000001
 -1.487125 -0.1244
 -1.490073 -0.1284
 -1.459229 -0.1284
 -1.461386 -0.1004
 -1.450624 -0.0564
 -1.43737 0.0156
 -1.43737 0.0156
 -1.453366 -0.0204
 -1.427136 -0.0924
 -1.441838 -0.1884
 -1.409129 -0.2044
 -1.39613 -0.1724
 -1.401318 -0.1004
 -1.403373 -0.0124
 -1.41869 0.0356
 -1.429554 -0.0044
 -1.423182 -0.0924
 -1.433393 -0.1284
 -1.446661 -0.1204
 -1.429817 -0.0324
 -1.419138 0.0396
 -1.421951 0.0316
 -1.430532 -0.0044
 -1.432479 -0.07240000000000001
 -1.462579 -0.0644
 -1.447049 -0.0364
 -1.449706 -0.0284
 -1.443764 0.0036
 -1.454675 -0.0004
 -1.472646 0.0196
 -1.456468 -0.0004
 -1.457108 -0.0164
 -1.454562 0.0036
 -1.483991 -0.008399999999999999
 -1.472591 -0.0004
 -1.480291 -0.0164
 -1.476097 0.0316
 -1.471155 0.0236
 -1.476996 0.0276
 -1.464653 -0.008399999999999999
 -1.480314 -0.0044
 -1.459035 -0.0164
 -1.462592 -0.0004
 -1.457612 -0.0044
 -1.463465 0.0036
 -1.468104 0.0276
 -1.464173 -0.0124
 -1.467871 -0.0044
 -1.468623 -0.0004
 -1.479949 0.0196
 -1.461934 0.0036
 -1.470049 0.0036
 -1.462264 0.0036
 -1.457708 0.0356
 -1.46299 0.0196
 -1.467168 0.0156
 -1.481403 -0.0004
 -1.472185 -0.0124
 -1.476072 -0.008399999999999999
 -1.462684 0.0236
 -1.455131 -0.0004
 -1.478997 -0.008399999999999999
 -1.448406 0.0116
 -1.459062 0.0156
 -1.470246 0.0116
 -1.456812 -0.0004
 -1.471143 -0.008399999999999999
 -1.479949 0.0076
 -1.475893 0.0236
 -1.47145 0.0276
 -1.470265 0.0396
 -1.469848 0.0476
 -1.453772 0.06759999999999999
 -1.470248 0.0636
 -1.462593 0.08359999999999999
 -1.47906 0.06759999999999999
 -1.474259 0.0716
 -1.461327 0.08359999999999999
 -1.460202 0.08359999999999999
 -1.458561 0.0876
 -1.48277 0.1316
 -1.462264 0.09959999999999999
 -1.473085 0.1116
 -1.482703 0.1276
 -1.466219 0.1756
 -1.449859 0.1956
 -1.470657 0.2036
 -1.462399 0.2196
 -1.466478 0.2036
 -1.454824 0.1716
 -1.46065 0.1236
 -1.458058 0.1916
 -1.457722 0.2556
 -1.454827 0.2876
 -1.479177 0.3276
 -1.485075 0.2956
 -1.477772 0.3076
 -1.472376 0.3596
 -1.476726 0.4716
 -1.48105 0.5716
 -1.468975 0.6036
 -1.456116 0.5636
 -1.447931 0.5436
 -1.434224 0.5356
 -1.440918 0.5276
 -1.41163 0.5236
 -1.410459 0.5716
 -1.425029 0.6395999999999999
 -1.413073 0.7036
 -1.395459 0.5876
 -1.376935 0.6116
 -1.379373 0.7436
 -1.384184 0.6996
 -1.381345 0.4236
 -1.354315 0.2476
 -1.361257 0.2876
 -1.375707 0.4716
 -1.384544 0.6435999999999999
 -1.374261 0.7036
 -1.336551 0.6836
 -1.366015 0.6156
 -1.3238 0.5356
 -1.32445 0.5836
 -1.430609 0.6435999999999999
 -1.343329 0.7236
 -1.329656 0.8316
 -1.342857 0.7596000000000001
 -1.348409 0.6996
 -1.335272 0.7635999999999999
 -1.336381 0.8915999999999999
 -1.308652 0.9036
 -1.280261 0.7556
 -1.318723 0.6796
 -1.332662 0.6356000000000001
 -1.327994 0.8356
 -1.277472 1.0836
 -1.260643 1.1316
 -1.275279 0.8276
 -1.274105 0.3916
 -1.251345 0.1476
 -1.213444 0.3716
 -1.247969 0.9476
 -1.287761 1.4036
 -1.257543 1.4876
 -1.25249 1.2396
 -1.269997 0.8196
 -1.240613 0.6796
 -1.244335 0.7076
 -1.218521 0.8756
 -1.226665 1.0676
 -1.223214 1.0676
 -1.250416 1.0636
 -1.246547 1.0156
 -1.256752 1.0076
 -1.262827 0.8276
 -1.250304 0.8875999999999999
 -1.238146 0.8836000000000001
 -1.231505 0.9436
 -1.230944 0.9556
 -1.208508 1.1036
 -1.211054 1.1156
 -1.192826 1.0956
 -1.192003 1.0436
 -1.177363 1.0596
 -1.175279 1.0636
 -1.166582 1.0516
 -1.167663 1.0396
 -1.140085 0.8636
 -1.128575 0.8756
 -1.125899 1.0316
 -1.129123 1.0876
 -1.137511 0.8116
 -1.102702 0.2956
 -1.104785 -0.1524
 -1.088962 0.6516
 -1.091687 1.5076
 -1.037523 2.1716
 -1.103642 2.0316
 -1.109738 1.4036
 -1.102379 0.7436
 -1.08464 0.2716
 -1.051232 0.2916
 -1.073539 0.8875999999999999
 -1.106035 1.3436
 -1.112829 1.2276
 -1.082641 0.9116
 -1.057011 0.7196
 -1.067856 0.9076
 -1.059093 1.2516
 -1.071036 1.1796
 -0.95892 0.6636
 -1.045363 0.2996
 -1.086611 0.3476
 -1.063634 0.7076
 -1.04666 0.9516
 -1.030244 1.0156
 -0.991242 0.9476
 -0.996022 0.8436
 -0.977765 0.7116
 -0.988432 0.6516
 -1.012172 0.6996
 -1.016736 0.7276
 -1.021984 0.8396
 -1.006514 0.9396
 -0.981647 0.9196
 -0.972421 0.8875999999999999
 -0.995551 0.7916
 -0.98201 0.8276
 -1.010882 0.8476
 -1.012246 0.8636
 -0.947763 0.8956
 -0.917482 0.9476
 -0.913901 0.9596
 -0.937346 0.9396
 -0.938228 0.8676
 -0.958253 0.8116
 -0.94693 0.8196
 -0.923159 0.7396
 -0.957977 0.7396
 -0.962137 0.8116
 -0.966475 0.9476
 -0.937273 1.0036
 -0.937627 1.0036
 -0.920481 0.8356
 -0.918426 0.7796
 -0.903801 0.7596000000000001
 -0.910669 1.0036
 -0.851099 1.3156
 -0.836691 1.2836
 -0.8456129999999999 1.0556
 -0.843336 0.5796
 -0.859585 0.2796
 -0.889333 0.4316
 -0.902242 0.8756
 -0.865815 1.4236
 -0.833765 1.6716
 -0.862637 1.4316
 -0.843703 0.7716
 -0.826959 0.2356
 -0.814053 0.3556
 -0.848655 0.7556
 -0.822329 0.8956
 -0.825603 0.7635999999999999
 -0.818757 0.5436
 -0.830573 0.7276
 -0.825937 1.1276
 -0.815001 1.3556
 -0.792072 1.1516
 -0.799884 0.8276
 -0.78452 0.5796
 -0.7739239999999999 0.5796
 -0.794283 0.8076
 -0.811168 0.9276
 -0.7725880000000001 0.8636
 -0.773925 0.8676
 -0.768118 0.9756
 -0.754031 1.1396
 -0.775628 1.1276
 -0.775376 0.7796
 -0.760969 0.4596
 -0.7555730000000001 0.3436
 -0.7389250000000001 0.6556
 -0.736807 0.9116
 -0.733376 0.9996
 -0.691674 0.7756
 -0.707032 0.5276
 -0.716442 0.5636
 -0.709079 0.8356
 -0.722373 1.0116
 -0.713226 0.9796
 -0.69634 0.9116
 -0.658533 0.8915999999999999
 -0.653666 1.0756
 -0.677925 1.1836
 -0.70394 0.9636
 -0.682042 0.6076
 -0.696627 0.5596
 -0.66836 0.9356
 -0.619282 1.3236
 -0.636429 1.3476
 -0.649925 0.8996
 -0.625929 0.5236
 -0.62016 0.4436
 -0.641939 0.7476
 -0.658311 0.9676
 -0.6122 1.0356
 -0.671516 0.9676
 -0.647025 0.9036
 -0.6209789999999999 0.7156
 -0.552167 0.3876
 -0.604252 0.5916
 -0.606057 0.8396
 -0.563245 1.0756
 -0.663968 1.1156
 -0.663968 1.1156
 -0.5699880000000001 1.0556
 -0.575819 1.0796
 -0.581781 1.2156
 -0.576848 1.2196
 -0.517657 1.0716
 -0.504097 0.7796
 -0.525864 0.7076
 -0.609715 0.8116
 -0.5817909999999999 0.9716
 -0.506211 1.0476
 -0.494472 0.9276
 -0.451817 0.7356
 -0.504428 0.7116
 -0.5533360000000001 0.8116
 -0.514298 0.8356
 -0.428017 0.8476
 -0.452251 0.8636
 -0.46707 0.9516
 -0.473534 1.0596
 -0.477829 1.1276
 -0.440436 1.1756
 -0.447981 1.1396
 -0.4634 0.9276
 -0.447766 0.7316
 -0.482062 0.5876
 -0.477707 0.8276
 -0.488807 1.1116
 -0.421193 1.3116
 -0.469682 1.2676
 -0.448867 1.0756
 -0.434314 0.9316
 -0.444983 1.0116
 -0.388315 1.1796
 -0.401717 1.2876
 -0.360698 1.1396
 -0.313323 0.9476
 -0.312971 0.8356
 -0.375702 0.8836000000000001
 -0.3915 1.0196
 -0.424441 1.2076
 -0.269848 1.1556
 -0.352906 0.9156
 -0.361767 0.6676
 -0.277306 0.6916
 -0.429909 0.9196
 -0.384141 1.1076
 -0.232065 1.1236
 -0.278707 0.9836
 -0.298284 0.7316
 -0.248249 0.6395999999999999
 -0.334815 0.8436
 -0.32943 1.1276
 -0.305355 1.1916
 -0.294824 1.0836
 -0.197244 0.9276
 -0.331182 0.8636
 -0.200686 0.8236
 -0.303903 0.8756
 -0.266681 0.9476
 -0.138702 0.9356
 -0.26389 0.7716
 -0.273797 0.6796
 -0.263479 0.7916
 -0.173574 0.9756
 -0.278891 1.1276
 -0.265683 0.9836
 -0.224513 0.7796
 -0.197115 0.5476
 -0.209902 0.6036
 -0.179017 0.9636
 -0.202122 1.3116
 -0.202122 1.3116
 -0.202694 1.3276
 -0.184393 1.0676
 -0.199158 0.7836
 -0.153544 0.7356
 -0.167782 0.8236
 -0.152655 1.0556
 -0.19876 1.2356
 -0.215804 1.2596
 -0.096802 0.7996
 -0.132929 0.4196
 -0.109661 0.3396
 -0.151333 0.6116
 -0.131678 1.0596
 -0.107749 1.2836
 -0.106109 1.2436
 -0.152187 1.1076
 -0.130749 0.9316
 -0.143032 0.6716
 -0.074973 0.5116000000000001
 -0.120202 0.6356000000000001
 -0.106663 0.9556
 -0.049419 1.2036
 -0.059784 1.1036
 -0.154337 0.7916
 -0.064735 0.5796
 0.013099 0.5516
 -0.05268 0.7436
 -0.027037 0.9276
 -0.081576 0.8836000000000001
 -0.086113 0.8276
 -0.046157 0.7916
 0.031582 0.9076
 -0.011641 0.9876
 -0.047987 0.6395999999999999
 -0.017105 0.3676
 0.004796 0.3156
 -0.013446 0.5556
 -0.002243 0.8956
 -0.004482 0.9996
 0.008522999999999999 0.8636
 0.025303 0.6956
 -0.008721 0.7196
 -0.002266 0.8196
 -0.009801000000000001 0.8316
 0.020818 0.7076
 0.008399999999999999 0.5196
 -0.015204 0.5036
 -0.034123 0.8596
 -0.032784 1.0636
 0.039314 1.0876
 -0.012538 0.7436
 0.006695 0.2996
 0.057445 0.2116
 0.100377 0.4596
 0.07385 0.8596
 0.076963 1.0236
 0.090975 0.9516
 0.081898 0.6796
 0.023456 0.6316000000000001
 0.07003 0.6076
 0.039196 0.7156
 0.097429 0.7556
 0.15994 0.8036
 0.151135 0.8356
 0.027851 0.8875999999999999
 0.124244 0.8356
 0.153406 0.6596
 0.11995 0.5756
 0.092628 0.5956
 0.103228 0.7716
 0.117921 0.8396
 0.117921 0.8396
 0.1018 0.7916
 0.128349 0.5756
 0.150624 0.5596
 0.159975 0.7316
 0.140204 0.7675999999999999
 0.151789 0.6316000000000001
 0.163082 0.4596
 0.131154 0.4396
 0.144906 0.5876
 0.141519 0.6395999999999999
 0.140151 0.7036
 0.172288 0.6756
 0.170105 0.6756
 0.184204 0.6236
 0.215219 0.6116
 0.23059 0.5916
 0.190168 0.6236
 0.151569 0.7716
 0.146028 0.9236
 0.135423 0.9436
 0.188307 0.7675999999999999
 0.226444 0.5596
 0.222667 0.4876
 0.194536 0.5316
 0.194188 0.7276
 0.193472 0.8076
 0.263276 0.7716
 0.23566 0.6996
 0.224168 0.6036
 0.221133 0.5356
 0.165086 0.4836
 0.186201 0.5396
 0.279576 0.5196
 0.294627 0.6395999999999999
 0.251213 0.7276
 0.166426 0.7796
 0.214781 0.6956
 0.24843 0.5356
 0.273774 0.5236
 0.279083 0.5276
 0.247863 0.5436
 0.25861 0.4916
 0.312316 0.5036
 0.284657 0.3876
 0.262162 0.4276
 0.256003 0.5236
 0.269798 0.5836
 0.287291 0.5636
 0.258534 0.5476
 0.291075 0.4796
 0.289678 0.3796
 0.255871 0.3076
 0.255697 0.4196
 0.272874 0.6156
 0.333576 0.7476
 0.42553 0.7396
 0.32079 0.6156
 0.326987 0.5276
 0.299056 0.4956
 0.313598 0.5596
 0.283997 0.6636
 0.338558 0.7756
 0.35256 0.7276
 0.310815 0.5676
 0.31027 0.4276
 0.291946 0.4156
 0.36257 0.5556
 0.326525 0.6676
 0.351117 0.7516
 0.287588 0.7076
 0.312475 0.6556
 0.309265 0.6556
 0.398632 0.6076
 0.409485 0.6636
 0.366322 0.6676
 0.349813 0.4196
 0.339512 0.5596
 0.349024 0.7876
 0.328098 0.9836
 0.365859 0.8636
 0.386476 0.6236
 0.440068 0.3356
 0.440224 0.3596
 0.40779 0.3636
 0.393241 0.5076000000000001
 0.348796 0.8915999999999999
 0.371244 1.1716
 0.423853 1.0116
 0.397985 0.6076
 0.390872 0.3676
 0.390523 0.4116
 0.461843 0.6916
 0.405318 0.9756
 0.394671 0.9996
 0.440916 0.7196
 0.483358 0.5155999999999999
 0.452179 0.6276
 0.419471 0.8875999999999999
 0.450515 0.9476
 0.432663 0.7556
 0.418335 0.5316
 0.424105 0.4836
 0.39603 0.6036
 0.407105 0.7956
 0.407933 0.9036
 0.493269 0.9996
 0.46007 0.9796
 0.489349 0.8956
 0.512323 0.6435999999999999
 0.530833 0.5236
 0.488254 0.6036
 0.492856 0.9796
 0.499837 1.1076
 0.552305 0.9956
 0.666165 0.6716
 0.528367 0.5036
 0.508277 0.4596
 0.443511 0.6796
 0.521542 0.7956
 0.527112 0.8036
 0.499303 0.7836
 0.465716 0.6876
 0.508702 0.6556
 0.633536 0.5916
 0.618216 0.5436
 0.496068 0.7036
 0.501127 0.8636
 0.569561 0.8996
 0.632883 0.7796
 0.591831 0.5876
 0.603189 0.4796
 0.534435 0.4636
 0.6158670000000001 0.5196
 0.588359 0.5436
 0.539095 0.7516
 0.55703 0.8796
 0.57517 0.8756
 0.644281 0.7276
 0.601118 0.6476
 0.554571 0.6836
 0.637329 0.6636
 0.722029 0.5956
 0.649499 0.5876
 0.649722 0.5876
 0.532469 0.6996
 0.557096 0.7916
 0.627576 0.6756
 0.737312 0.4836
 0.680665 0.4556
 0.691073 0.5916
 0.63597 0.6676
 0.568284 0.6236
 0.623567 0.4956
 0.683735 0.4556
 0.698952 0.6435999999999999
 0.683048 0.7836
 0.666443 0.8596
 0.5867019999999999 0.6916
 0.556683 0.5676
 0.708117 0.4036
 0.74508 0.4196
 0.684674 0.6676
 0.657608 0.9796
 0.598175 0.9836
 0.611044 0.7675999999999999
 0.663602 0.5356
 0.731876 0.4556
 0.748843 0.5796
 0.73958 0.7156
 0.70282 0.8796
 0.688703 0.8836000000000001
 0.70932 0.8356
 0.739077 0.7356
 0.720136 0.6876
 0.7509940000000001 0.7276
 0.717992 0.7556
 0.724614 0.7675999999999999
 0.736498 0.7836
 0.73409 0.8036
 0.69545 0.8596
 0.728531 0.8915999999999999
 0.773019 0.9356
 0.818057 0.9956
 0.761862 0.8915999999999999
 0.776016 0.6716
 0.702879 0.5916
 0.759026 0.5556
 0.797057 0.6516
 0.805488 0.7876
 0.753728 0.9156
 0.7854719999999999 0.8756
 0.688192 0.6756
 0.821445 0.5316
 0.803172 0.3796
 0.806929 0.5556
 0.8561609999999999 0.7236
 0.782924 0.7996
 0.829707 0.7836
 0.839637 0.7396
 0.875522 0.5116000000000001
 0.845346 0.4876
 0.804492 0.6435999999999999
 0.775773 0.9356
 0.79887 1.1276
 0.873522 1.0236
 0.869878 0.5116000000000001
 0.915921 0.1996
 0.894838 0.2356
 0.830094 0.4596
 0.778278 0.8276
 0.876098 0.9596
 0.912418 0.7516
 0.8698630000000001 0.5276
 0.887998 0.3316
 0.840273 0.4436
 0.832255 0.4436
 0.805542 0.6395999999999999
 0.872218 0.6636
 0.908821 0.6236
 0.917197 0.5516
 0.882503 0.5956
 0.867642 0.6196
 0.86438 0.4916
 0.851705 0.4676
 0.899716 0.4996
 0.905998 0.5996
 0.909245 0.5276
 0.935425 0.3756
 0.934906 0.3476
 0.873655 0.4516
 0.954202 0.6036
 0.938964 0.5716
 0.937132 0.5596
 0.979158 0.4116
 0.958185 0.3116
 0.936378 0.2876
 0.934264 0.3676
 0.978004 0.4756
 0.9248499999999999 0.4476
 0.949946 0.3836
 0.936378 0.6556
 0.942469 0.8236
 0.934064 0.7316
 0.947383 0.3676
 1.015114 0.0876
 0.969732 0.1836
 0.93716 0.3996
 0.922113 0.5476
 0.906558 0.6236
 1.012225 0.5356
 1.030895 0.4996
 1.014518 0.5516
 0.982948 0.5956
 1.006359 0.6316000000000001
 0.9590880000000001 0.6395999999999999
 0.996403 0.5916
 0.990738 0.4276
 0.976039 0.3596
 0.950012 0.4196
 1.001764 0.4836
 0.9744350000000001 0.5036
 0.983802 0.6276
 1.002356 0.7635999999999999
 1.032751 0.7956
 0.994794 0.6996
 0.969017 0.4956
 0.99885 0.4836
 1.016168 0.5836
 0.991306 0.6596
 1.018623 0.8356
 1.009374 0.7916
 1.036808 0.6076
 1.082587 0.3516
 1.003991 0.2236
 1.019787 0.2676
 1.040678 0.4316
 1.0328 0.6876
 0.998468 0.9676
 1.13009 1.0636
 1.038037 1.0796
 0.993904 0.8796
 1.024217 0.6196
 1.102468 0.1636
 1.097015 0.0076
 0.998231 0.4556
 1.02949 1.1276
 1.053709 1.4396
 1.054012 1.4396
 1.068594 1.1596
 1.122045 0.4156
 1.118973 -0.2044
 1.166652 -0.2324
 1.073298 0.0756
 1.029119 0.7436
 1.092976 1.1156
 1.119194 1.2036
 1.06889 1.0236
 1.04103 0.6236
 1.092777 0.2116
 1.138344 0.0196
 1.094391 -0.008399999999999999
 1.194513 0.2436
 1.119313 0.5276
 1.026132 0.7276
 1.096405 0.5996
 1.110329 0.3276
 1.162639 0.1756
 1.160753 0.2196
 1.152235 0.4756
 1.143451 0.7556
 1.123747 0.8676
 1.063207 0.7556
 1.15167 0.5316
 1.192551 0.3356
 1.157813 0.1476
 1.143638 0.1636
 1.17491 0.2996
 1.182302 0.5356
 1.201488 0.7675999999999999
 1.123189 0.7956
 1.139458 0.5956
 1.162234 0.4156
 1.169524 0.2556
 1.212582 0.2036
 1.208064 0.1716
 1.195906 0.3436
 1.113315 0.4196
 1.151974 0.4556
 1.232117 0.7036
 1.249991 0.8236
 1.2086 0.7276
 1.154002 0.3036
 1.18114 0.0236
 1.225553 0.0236
 1.138078 0.2796
 1.205217 0.5996
 1.155545 0.6516
 1.22594 0.3876
 1.194747 0.2476
 1.17465 0.4236
 1.178828 0.5236
 1.233353 0.4796
 1.226262 0.2676
 1.215703 0.1676
 1.240777 0.3116
 1.185195 0.5356
 1.258234 0.5756
 1.186296 0.4476
 1.170574 0.3876
 1.309734 0.4356
 1.282403 0.3436
 1.281729 0.2316
 1.252864 0.0076
 1.262261 -0.1404
 1.23685 -0.0284
 1.235682 0.3316
 1.275908 0.6796
 1.283818 0.6996
 1.312614 0.6676
 1.3222 0.6676
 1.325228 0.3836
 1.314347 0.1156
 1.279098 -0.0044
 1.26081 0.1756
 1.308272 0.4196
 1.359622 0.3756
 1.264837 0.2356
 1.267895 0.1276
 1.314598 0.4956
 1.314049 0.6316000000000001
 1.314611 0.5556
 1.295443 0.1636
 1.238877 -0.07240000000000001
 1.336699 0.0116
 1.35949 0.3196
 1.277262 0.4796
 1.2996 0.4636
 1.170493 0.3196
 1.26278 0.1916
 1.331912 0.2236
 1.31667 0.3636
 1.268449 0.4436
 1.2773 0.3996
 1.261994 0.1996
 1.283747 0.1436
 1.281439 0.2516
 1.297896 0.3396
 1.274259 0.4916
 1.341799 0.5036
 1.262264 0.4396
 1.307953 0.3236
 1.313435 0.1956
 1.32919 0.1796
 1.298057 0.2396
 1.242658 0.2876
 1.306266 0.3356
 1.324549 0.4036
 1.343261 0.4756
 1.322211 0.3996
 1.307894 0.2716
 1.291882 0.0876
 1.234119 0.1396
 1.338896 0.2836
 1.418137 0.3756
 1.380997 0.4236
 1.288475 0.2996
 1.302436 0.2116
 1.266456 0.1516
 1.32797 0.3276
 1.335633 0.4156
 1.272502 0.4276
 1.374422 0.3436
 1.420808 0.2556
 1.305028 0.2236
 1.270621 0.3356
 1.390904 0.4156
 1.426889 0.6036
 1.433535 0.6796
 1.407264 0.6636
 1.446131 0.4716
 1.627248 0.2956
 1.548157 0.4276
 1.482733 0.7076
 1.475384 0.8956
 1.399995 0.8596
 1.346234 0.6796
 1.38575 0.4756
 1.375192 0.4596
 1.328152 0.5916
 1.385417 0.8236
 1.388115 0.9036
 1.388115 0.9036
 1.349609 0.7316
 1.348524 0.5155999999999999
 1.399573 0.3916
 1.392232 0.4036
 1.405416 0.5596
 1.379774 0.6356000000000001
 1.399582 0.6116
 1.433416 0.5116000000000001
 1.391455 0.3596
 1.374076 0.2916
 1.366312 0.2916
 1.373624 0.2476
 1.363795 0.2396
 1.371176 0.2836
 1.411971 0.2516
 1.448069 0.1956
 1.429442 0.1156
 1.361726 0.1116
 1.453373 0.1476
 1.475981 0.2076
 1.471555 0.2636
 1.466759 0.2956
 1.47038 0.1876
 1.455667 0.0396
 1.41618 -0.0524
 1.467868 -0.0924
 1.459179 -0.0284
 1.443445 0.1076
 1.435013 0.1636
 1.44567 0.1156
 1.474028 0.0436
 1.471463 -0.0124
 1.4435 -0.0204
 1.434111 -0.0124
 1.437743 0.0236
 1.454025 -0.0004
 1.440325 -0.0124
 1.435974 -0.0004
 1.434916 -0.008399999999999999
 1.440813 0.0356
 1.439788 0.0316
 1.445826 0.0036
 1.447251 -0.0004
 1.427707 -0.0124
 1.449683 0.0156
 1.423395 0.0116
 1.412175 0.0236
 1.433028 0.0316
 1.441836 0.0396
 1.445842 0.0516
 1.449909 0.0796
 1.454923 0.0716
 1.449701 0.0236
 1.456285 0.0156
 1.448454 -0.008399999999999999
 1.438455 -0.0004
 1.449207 0.0036
 1.453551 -0.0004
 1.450151 0.0156
 1.442891 0.0036
 1.442933 0.0196
 1.434574 -0.0044
 1.43809 0.0276
 1.442453 -0.0044
 1.437553 -0.0044
 1.442521 -0.0164
 1.443445 -0.0124
 1.446249 -0.008399999999999999
 1.434253 -0.0164
 1.446345 -0.0044
 1.449701 0.0196
 1.449701 0.0196
 1.441926 0.0076
 1.438159 -0.0004
 1.44631 0.0316
 1.427819 0.0156
 1.442894 -0.0164
 1.434875 -0.0044
 1.44253 -0.0044
 1.43975 0.0076
 1.461747 -0.0044
 1.443938 -0.008399999999999999
 1.446301 -0.0324
 1.453103 -0.0604
 1.44063 -0.1244
 1.450213 -0.1564
 1.434351 -0.1564
 1.442179 -0.1964
 1.413277 -0.2244
 1.428044 -0.2124
 1.431646 -0.1804
 1.421559 -0.1764
 1.439047 -0.2884
 1.379972 -0.4244
 1.264993 -0.4684
 1.376661 -0.3884
 1.410631 -0.2964
 1.426315 -0.2764
 1.437281 -0.3684
 1.424361 -0.4804
 1.454218 -0.5404
 1.455623 -0.4804
 1.444338 -0.4404
 1.431593 -0.4444
 1.393169 -0.5044
 1.376561 -0.5204
 1.37643 -0.5364
 1.372392 -0.5524
 1.373153 -0.6204
 1.303629 -0.6044
 1.340104 -0.6684
 1.417525 -0.7204
 1.488605 -0.7564
 1.413225 -0.7284
 1.39854 -0.7084
 1.392925 -0.7044
 1.382287 -0.6564
 1.404664 -0.6284
 1.36708 -0.6764
 1.35724 -0.7244
 1.384684 -0.7403999999999999
 1.442043 -0.8484
 1.467432 -0.9724
 1.344984 -1.0284
 1.33402 -0.9044
 1.380217 -0.6284
 1.240372 -0.5244
 1.362411 -0.4844
 1.363685 -0.7364000000000001
 1.290259 -1.0124
 1.327283 -1.1804
 1.257668 -0.9883999999999999
 1.212571 -0.6724
 1.196711 -0.4324
 1.276106 -0.5244
 1.21579 -0.8444
 1.272157 -1.1684
 1.238637 -1.2004
 1.249062 -0.8404
 1.279647 -0.5604
 1.290727 -0.4484
 1.238104 -0.5724
 1.202109 -0.6604
 1.202109 -0.6604
 1.157666 -0.5644
 1.16332 -0.4804
 1.202044 -0.4484
 1.195096 -0.3724
 1.113368 -0.1084
 1.185829 0.1676
 1.194798 0.0876
 1.175097 -0.1564
 1.234139 -0.3204
 1.230129 0.09959999999999999
 1.228258 0.4036
 1.214244 0.4756
 1.247387 0.2076
 1.226475 0.3076
 1.256279 0.5596
 1.238197 0.8956
 1.25984 0.8476
 1.278894 0.3636
 1.294546 -0.1884
 1.300108 -0.1044
 1.270751 0.3916
 1.17965 0.9476
 1.227265 1.1796
 1.287995 1.0036
 1.251114 0.6996
 1.312155 0.4396
 1.276197 0.4396
 1.325485 0.6516
 1.3053 0.9116
 1.280661 0.9236
 1.296837 0.7596000000000001
 1.277313 0.5596
 1.269334 0.5436
 1.309428 0.5996
 1.286738 0.5796
 1.320663 0.4796
 1.328321 0.4156
 1.334397 0.3956
 1.367509 0.3876
 1.361104 0.3396
 1.382871 0.2196
 1.350843 0.1276
 1.35509 0.0756
 1.34378 0.0956
 1.354575 0.1476
 1.316464 0.06759999999999999
 1.316186 -0.08840000000000001
 1.337418 -0.1884
 1.353513 -0.1804
 1.33617 -0.1284
 1.370396 -0.1724
 1.388421 -0.2804
 1.310311 -0.3924
 1.264474 -0.4324
 1.278017 -0.3764
 1.330151 -0.3604
 1.285499 -0.4244
 1.281926 -0.5204
 1.20392 -0.5804
 1.319588 -0.6324
 1.242653 -0.6564
 1.210511 -0.7204
 1.253337 -0.8804
 1.173332 -0.9644
 1.208583 -0.9724
 1.163409 -0.9524
 1.32369 -1.0964
 1.303238 -1.1204
 1.233943 -1.1004
 1.327931 -0.9883999999999999
 1.277876 -0.9564
 1.259274 -0.9564
 1.234578 -1.0324
 1.167508 -1.3084
 1.138111 -1.5324
 1.209243 -1.6564
 1.229006 -1.6124
 1.225858 -1.2684
 1.144977 -0.9364
 1.149042 -1.6764
 1.139918 -2.4764
 1.393992 -4.460401
 1.220452 -4.4524
 1.219645 -3.8884
 1.057206 -2.0764
 1.0537 0.1516
 1.146012 3.0236
 1.160762 1.6916
 1.236401 -1.5884
 1.077127 -3.9324
 1.145406 -2.3684
 1.16876 1.4316
 1.242859 3.6476
 1.220034 2.2476
 1.115026 -1.1164
 1.118463 -3.0884
 1.100826 -2.836401
 1.083603 -1.2724
 1.054883 -0.0564
 1.09045 0.2156
 1.099436 -0.0324
 1.071005 -0.2924
 1.010989 -0.2964
 1.014719 -0.2004
 1.074558 -0.1164
 1.076207 -0.0004
 0.99313 0.0956
 1.005208 0.2556
 0.97237 0.4316
 0.98851 0.4756
 1.017559 0.4156
 1.007086 0.2756
 1.066096 0.2436
 1.054809 0.3596
 1.087201 0.4916
 1.053213 0.5636
 1.096441 0.5636
 1.051286 0.6876
 1.162934 0.7196
 1.150697 1.0196
 1.135516 1.1956
 1.167475 1.3396
 1.138246 1.1236
 1.17112 0.8796
 1.172144 0.5196
 1.162941 0.1716
 1.135266 -0.0524
 1.143113 -0.0044
 1.140201 0.2516
 1.147601 0.7996
 1.146091 1.1916
 1.153071 1.1076
 1.153114 0.5596
 1.148823 -0.0484
 1.159566 -0.2884
 1.165241 -0.0684
 1.158411 0.2716
 1.121805 0.4036
 1.146774 0.2716
 1.144331 0.0156
 1.146908 -0.1284
 1.149094 -0.1684
 1.167635 -0.1244
 1.167635 -0.1244
 1.187885 -0.1364
 1.195858 -0.2284
 1.195698 -0.3484
 1.142888 -0.3804
 1.151579 -0.4964
 1.086928 -0.6524
 0.975638 -0.6604
 0.978822 -0.5564
 1.05198 -0.4564
 1.052953 -0.5004
 1.026743 -0.6084000000000001
 1.048062 -0.7364000000000001
 1.093307 -0.7804
 1.088379 -0.6404
 1.085335 -0.5404
 1.080681 -0.8484
 1.048733 -1.1964
 1.063379 -1.2004
 1.066053 -1.0564
 1.060243 -0.6364
 1.291049 -0.5484
 1.235122 -0.2764
 1.274225 -0.4444
 1.321583 -1.1484
 1.17293 -1.6244
 1.131662 -1.5924
 1.032598 -1.0324
 1.055831 -0.4204
 1.056991 -0.2844
 1.020956 -0.4604
 1.068059 -0.7324000000000001
 1.134582 -1.0684
 1.061648 -1.3804
 1.028594 -1.1164
 1.030678 -0.8364
 1.110286 -0.5564
 1.039533 -0.5364
 0.918369 -0.7444
 0.906911 -0.6604
 1.034516 -0.4484
 0.980941 -0.08840000000000001
 0.930287 0.0076
 0.936535 -0.0404
 0.956914 -0.2764
 0.914708 -0.5444
 0.935225 -0.7604
 0.95037 -0.6884
 0.964232 -0.5164
 0.994058 -0.3124
 1.000492 -0.2764
 0.9976429999999999 -0.4004
 1.008403 -0.6284
 0.952035 -0.8004
 0.910568 -0.8604000000000001
 0.872663 -0.7084
 0.904914 -0.5364
 0.904083 -0.6604
 0.953357 -0.9204
 0.932549 -1.1524
 0.910594 -1.2324
 0.88048 -0.9484
 0.909581 -0.5964
 0.924661 -0.5484
 0.9310850000000001 -0.8964
 0.932725 -1.1524
 0.9433280000000001 -1.0444
 0.918415 -0.5804
 0.90186 -0.2964
 0.874498 -0.6444
 0.907385 -1.0444
 0.886918 -1.1324
 0.880775 -1.1324
 0.849846 -0.9084
 0.870854 -0.6404
 0.853715 -0.6364
 0.862162 -0.5924
 0.846309 -0.5324
 0.856979 -0.3764
 0.847429 -0.4324
 0.854694 -0.5684
 0.851768 -0.6484
 0.841099 -0.5324
 0.784446 -0.3084
 0.814312 -0.0964
 0.8770829999999999 0.0116
 0.859303 0.0156
 0.763091 0.0716
 0.752829 0.1676
 0.816569 0.2636
 0.858647 0.3396
 0.846092 0.3436
 0.8527979999999999 0.3996
 0.9050280000000001 0.4316
 0.911565 0.4996
 0.849114 0.4956
 0.839287 0.5596
 0.873696 0.6316000000000001
 0.856175 0.8356
 0.894234 0.9596
 0.857279 0.9356
 0.884236 0.8996
 0.873874 0.8756
 0.904741 0.9596
 0.925719 1.1796
 0.902606 1.2596
 0.896515 1.2556
 0.913017 1.1796
 0.924771 1.1236
 0.931414 1.1596
 0.92584 1.1156
 0.921502 1.1476
 0.932654 1.1116
 0.922396 1.1956
 0.954327 1.2316
 0.977062 1.1516
 0.961059 0.9436
 0.971334 0.8716
 0.949564 0.7956
 0.966612 0.7036
 0.995001 0.6036
 0.986616 0.3476
 1.011933 0.1996
 1.001566 0.2276
 0.994457 0.3796
 0.994779 0.5356
 1.005024 0.5636
 1.019742 0.5356
 0.989549 0.4036
 1.001084 0.2556
 1.008043 -0.0204
 1.018789 -0.2284
 1.019106 -0.3164
 1.011234 -0.2284
 1.013282 -0.0964
 1.011628 -0.0804
 1.008655 -0.1884
 0.991297 -0.3124
 1.01716 -0.4404
 1.051679 -0.5524
 0.981849 -0.7524
 1.012314 -0.9364
 0.889731 -1.0124
 0.981683 -0.8084
 0.989725 -0.8084
 0.980199 -0.7244
 0.98284 -0.8404
 1.036459 -1.1364
 0.9717170000000001 -1.3404
 0.93128 -1.4884
 0.993796 -1.4564
 1.02048 -1.4964
 0.9511540000000001 -1.4604
 0.920824 -1.4044
 0.930218 -1.3324
 0.892826 -1.4764
 0.877948 -1.4404
 0.865463 -1.4204
 0.928478 -1.1604
 0.882345 -1.1804
 0.871981 -1.3684
 0.887557 -1.1764
 0.799357 -1.4244
 0.839859 -1.4564
 0.838497 -1.9204
 0.762325 -2.1564
 0.855938 -1.7724
 0.796805 -1.5524
 0.756779 -1.6204
 0.76613 -2.244401
 0.768317 -2.5484
 0.78594 -2.4524
 0.746227 -1.9444
 0.732355 -1.3524
 0.732445 -1.0244
 0.663354 -1.2324
 0.775253 -1.3964
 0.714978 -1.2284
 0.661064 -1.3164
 0.70005 -1.6644
 0.704646 -2.1284
 0.64658 -2.0684
 0.570433 -1.0004
 0.624804 -0.4324
 0.634648 -1.8124
 0.625893 -4.4244
 0.638435 -4.4364
 0.652287 -1.6524
 0.66398 1.9516
 0.659246 3.2236
 0.668328 1.5236
 0.662981 -1.3564
 0.628016 -2.6564
 0.639729 -1.9524
 0.640423 -0.3324
 0.631989 0.7635999999999999
 0.646726 0.7716
 0.644292 0.2116
 0.638226 -0.2284
 0.638193 -0.2324
 0.620358 0.0196
 0.610858 0.1716
 0.610011 0.2036
 0.629707 0.2076
 0.629791 0.2236
 0.597011 0.3756
 0.608611 0.5516
 0.696596 0.6276
 0.640042 0.6556
 0.578539 0.7516
 0.665313 0.9756
 0.630864 1.0836
 0.700449 1.2116
 0.744806 1.1796
 0.661137 0.9476
 0.638871 0.8436
 0.64644 0.8436
 0.661123 0.9276
 0.681733 1.1476
 0.68421 1.0996
 0.68996 0.8796
 0.737607 0.6996
 0.758444 0.7596000000000001
 0.711612 0.9836
 0.697654 1.1316
 0.702603 1.1036
 0.714604 1.0196
 0.739886 0.9796
 0.726205 1.0076
 0.680079 0.9396
 0.710006 0.9596
 0.725276 0.8996
 0.790088 0.6356000000000001
 0.804557 0.4196
 0.79756 0.2596
 0.751348 0.3796
 0.783057 0.5476
 0.745827 0.6276
 0.787344 0.5436
 0.817401 0.3596
 0.817372 0.1276
 0.8811909999999999 -0.0564
 0.830674 -0.1724
 0.77183 -0.1404
 0.760022 -0.1084
 0.785948 -0.0444
 0.7902749999999999 -0.1004
 0.787425 -0.1844
 0.781448 -0.3004
 0.753181 -0.3964
 0.765995 -0.5364
 0.730698 -0.6404
 0.763467 -0.7204
 0.782863 -0.8643999999999999
 0.677006 -1.0564
 0.72727 -1.0764
 0.663257 -1.0564
 0.72426 -1.0044
 0.707165 -1.1204
 0.805901 -1.4404
 0.788471 -1.6724
 0.7211070000000001 -1.7884
 0.690419 -3.2964
 0.637079 -1.9724
 0.642755 0.3356
 0.812908 2.107599
 0.754054 1.0036
 0.733314 -1.8284
 0.665865 -3.9284
 0.5933079999999999 -3.8764
 0.537081 -2.4124
 0.572766 -1.5044
 0.596846 -1.0644
 0.545327 -1.3404
 0.6429589999999999 -1.6284
 0.591432 -1.6444
 0.484581 -1.5084
 0.533698 -1.6164
 0.538347 -1.4164
 0.518408 -1.5604
 0.47853 -2.3244
 0.462507 -3.2524
 0.537783 -4.0804
 0.506155 -3.7564
 0.480027 -2.4524
 0.434393 -0.6084000000000001
 0.468157 0.0396
 0.478404 -0.9124
 0.473798 -0.9124
 0.444645 -2.1284
 0.410637 -2.5524
 0.397888 -1.9044
 0.436483 -1.0124
 0.41517 -0.7164
 0.368233 -0.9204
 0.411273 -1.2244
 0.399731 -1.3604
 0.321882 -1.3324
 0.389142 -1.2524
 0.382549 -1.0884
 0.334276 -0.8564000000000001
 0.305669 -0.6284
 0.332808 -0.5724
 0.340255 -0.6484
 0.350476 -0.7644
 0.314057 -0.7604
 0.290323 -0.6964
 0.172853 -0.4444
 0.261328 -0.2524
 0.31439 -0.1124
 0.339253 -0.0364
 0.369611 -0.0644
 0.388514 -0.1204
 0.435551 -0.1044
 0.447008 -0.2004
 0.459214 -0.1724
 0.423548 -0.0524
 0.383777 0.2036
 0.34829 0.4316
 0.294706 0.5155999999999999
 0.303204 0.4916
 0.283969 0.4636
 0.207591 0.5316
 0.200204 0.7516
 0.259702 0.9356
 0.440466 0.9876
 0.447941 1.1076
 0.385881 1.1916
 0.286874 1.1196
 0.342026 1.0876
 0.346546 1.1636
 0.350899 1.3236
 0.288899 0.9796
 0.367415 1.0196
 0.409882 0.7716
 0.476184 0.1396
 0.431534 0.6956
 0.556546 1.6236
 0.5130400000000001 2.3396
 0.497086 1.9996
 0.587658 0.8956
 0.601378 0.1236
 0.432747 0.0436
 0.404345 0.5756
 0.499296 1.0876
 0.480655 1.4396
 0.583294 1.4356
 0.523018 1.3476
 0.47286 0.8875999999999999
 0.515647 0.1996
 0.532923 -0.5164
 0.495492 -0.7084
 0.473892 -0.3484
 0.479626 0.2076
 0.49786 0.4996
 0.500399 0.3356
 0.503912 -0.0364
 0.499908 -0.3444
 0.512572 -0.4084
 0.491167 -0.3764
 0.491167 -0.3764
 0.582292 -0.3924
 0.537566 -0.4884
 0.509475 -0.6364
 0.611317 -0.8204
 0.525085 -1.0364
 0.558298 -1.1604
 0.5424020000000001 -1.0324
 0.6828070000000001 -1.0484
 0.549944 -1.1764
 0.346248 -1.8964
 0.47495 -2.0844
 0.532707 -1.9804
 0.486857 -1.5204
 0.469284 -1.3044
 0.40895 -1.5764
 0.323911 -2.1724
 0.35148 -2.1724
 0.412899 -1.7844
 0.461215 -1.1284
 0.306235 -1.0724
 0.387207 -1.7084
 0.28983 -2.3724
 0.365275 -3.1204
 0.528874 -2.6124
 0.395248 -1.8604
 0.351078 -1.5164
 0.238151 -0.8683999999999999
 0.237607 -1.8404
 0.189954 -1.7564
 0.21842 -0.9964
 0.18459 -0.2884
 0.216049 -0.4284
 0.123746 -1.7164
 0.000769 -2.7724
 0.044479 -3.244401
 0.164464 -2.7044
 0.169865 -1.4284
 0.13051 -0.6444
 0.11847 -0.7524
 0.052297 -1.1524
 0.063513 -1.6244
 0.019702 -1.3364
 0.037773 -0.7924
 0.047743 -0.8924
 0.060502 -1.5764
 0.089086 -2.1244
 0.06428300000000001 -2.0924
 0.101466 -1.1764
 0.125254 -0.8244
 0.124194 -0.8564000000000001
 0.022716 -0.9804
 0.022441 -0.9244
 0.022171 -0.6604
 0.030943 -0.4404
 0.020338 -0.4204
 0.030712 -0.4604
 0.048042 -0.4484
 0.054367 -0.3204
 0.08799 -0.0844
 0.104401 -0.0004
 0.138453 -0.0044
 0.15255 -0.0564
 0.147821 -0.0804
 0.15872 0.0316
 0.126187 0.1036
 0.072646 0.1876
 0.089299 0.2716
 0.120033 0.3436
 0.08591 0.3876
 0.038145 0.5155999999999999
 -0.001557 0.6435999999999999
 -0.001557 0.6435999999999999
 0.00447 0.7396
 0.006213 0.9156
 0.027554 1.1076
 0.040039 1.1716
 0.071101 0.7756
 0.10344 0.0116
 0.10197 -0.3284
 0.134876 0.3956
 0.124632 1.7476
 0.114701 2.7156
 0.106493 2.4876
 0.048876 1.1716
 0.077005 0.0316
 0.176628 -0.08840000000000001
 0.278442 0.7156
 0.276662 1.5236
 0.429896 1.5996
 0.339874 0.9596
 0.325145 0.3276
 0.265038 0.4636
 0.221969 1.1076
 0.282327 1.5156
 0.216492 1.1556
 0.231092 0.4036
 0.222211 -0.0124
 0.210267 0.1956
 0.220503 0.7316
 0.214321 1.0356
 0.205164 0.8316
 0.191318 0.1076
 0.180647 -0.5684
 0.195619 -0.6684
 0.227422 -0.2164
 0.260523 0.2476
 0.293851 0.3396
 0.320725 0.0956
 0.362458 -0.2564
 0.320217 -0.5444
 0.233491 -0.6204
 0.269514 -0.6724
 0.442046 -0.8364
 0.260205 -1.2804
 0.158826 -1.1884
 0.153778 -0.6844
 0.239453 -0.2604
 0.17943 -0.0404
 0.182496 -0.5844
 0.190803 -1.7804
 0.229099 -2.3524
 0.256162 -2.2964
 0.259379 -1.6484
 0.229328 -1.0004
 0.053403 -1.0484
 0.162291 -1.5044
 0.127875 -2.1004
 0.379933 -1.9804
 0.347613 -0.8924
 0.176446 -0.3404
 0.112936 -1.5604
 0.099537 -3.4404
 -0.053566 -4.6924
 0.138254 -3.2404
 0.053392 -0.2084
 -0.038321 1.4676
 -0.043492 0.8875999999999999
 -0.100059 -0.8604000000000001
 -0.09671100000000001 -2.3284
 -0.083787 -2.3644
 -0.088537 -1.8484
 -0.192103 -1.0364
 -0.117984 -0.8244
 -0.129375 -0.8244
 -0.223381 -0.9604
 -0.228909 -1.9004
 -0.134716 -3.7364
 -0.106738 -2.9604
 -0.167831 -0.2324
 -0.154909 2.6756
 -0.167033 1.8876
 -0.110764 -1.4444
 -0.07606499999999999 -4.0604
 -0.063925 -4.1884
 -0.01162 -2.3724
 -0.154505 -0.7004
 -0.275954 -0.0204
 -0.269438 0.2996
 -0.229453 0.0236
 -0.252772 -0.5244
 -0.261724 -1.1684
 -0.270005 -1.2844
 -0.261957 -1.3284
 -0.233972 -1.0124
 -0.259527 -0.8044
 -0.293264 -0.8044
 -0.289301 -0.8284
 -0.283652 -0.7324000000000001
 -0.269787 -0.4484
 -0.269013 -0.2404
 -0.212081 -0.2404
 -0.1901 -0.2884
 -0.184906 -0.2524
 -0.172071 -0.1564
 -0.172048 0.08359999999999999
 -0.16423 0.2116
 -0.162529 0.3236
 -0.224705 0.3716
 -0.22158 0.3436
 -0.198563 0.3076
 -0.199185 0.2156
 -0.205678 0.0956
 -0.215162 0.2436
 -0.213959 0.4196
 -0.236124 0.9796
 -0.183971 1.3516
 -0.227894 1.9716
 -0.193573 2.0196
 -0.174825 0.7516
 -0.185499 -0.4364
 -0.188484 -0.7604
 -0.211515 0.1676
 -0.211678 1.1996
 -0.19593 1.7316
 -0.1777 1.4716
 -0.132295 0.6516
 -0.132943 0.1116
 -0.123589 0.1916
 -0.184718 0.9676
 -0.217805 1.3796
 -0.114675 1.2796
 -0.083208 0.6476
 -0.18415 0.3956
 -0.158907 0.3556
 -0.092555 0.5996
 -0.153609 1.1276
 -0.029237 1.4436
 -0.038305 1.7916
 -0.002531 1.5396
 -0.033634 0.9996
 -0.06006 0.4836
 -0.071738 0.2916
 -0.07080599999999999 0.2436
 -0.012834 0.2996
 -0.012719 0.2996
 -0.046893 0.6116
 -0.056077 1.1436
 -0.028031 1.2596
 -0.04064 0.7476
 -0.045532 0.0156
 -0.055124 -0.4044
 -0.062297 -0.1844
 -0.02859 0.2116
 -0.090709 0.4516
 -0.06776 0.4236
 -0.040958 0.1836
 -0.043011 -0.0764
 -0.02615 -0.1964
 -0.008295 -0.2404
 0.051183 -0.2084
 0.07258000000000001 -0.2644
 0.048391 -0.3084
 0.040352 -0.5124
 0.00409 -0.4564
 -0.111613 -0.2964
 -0.086257 -0.2604
 -0.081639 -0.4004
 -0.108891 -0.9324
 -0.149463 -1.3284
 -0.206262 -1.2884
 -0.136754 -0.8844
 -0.130611 -0.2364
 -0.095139 -0.4884
 -0.137557 -0.7204
 -0.041426 -0.9964
 -0.051267 -0.7324000000000001
 -0.043865 0.3396
 0.005779 -0.6163999999999999
 -0.039371 -3.1284
 -0.086675 -5.7004
 -0.040724 -6.2084
 -0.113792 -4.6284
 -0.196787 -1.2964
 -0.232291 0.6036
 -0.216311 1.1036
 -0.252288 -0.3084
 -0.286581 -1.8124
 -0.347945 -2.7764
 -0.128821 -2.5044
 -0.249672 -1.9844
 -0.285927 -0.9244
 -0.343169 -0.5564
 -0.220638 -0.4684
 -0.281785 -0.9484
 -0.315665 -1.4204
 -0.317918 -1.9204
 -0.408156 -1.8964
 -0.460101 -1.4644
 -0.51106 -1.4924
 -0.406804 -2.1644
 -0.333086 -2.0724
 -0.349047 -1.2524
 -0.39517 -0.7403999999999999
 -0.404024 -0.9444
 -0.357697 -1.9724
 -0.388078 -2.8244
 -0.391148 -2.7764
 -0.427572 -1.8244
 -0.416424 -0.6324
 -0.451195 -0.4684
 -0.438009 -0.7284
 -0.419131 -0.8204
 -0.387278 -1.5964
 -0.422311 1.8236
 -0.514043 2.0356
 -0.512805 0.4476
 -0.521575 0.4476
 -0.473072 -2.3684
 -0.470663 -4.6924
 -0.452755 -4.2484
 -0.504063 -1.4724
 -0.479278 0.8356
 -0.493686 1.1476
 -0.517801 -0.2484
 -0.51634 -1.6964
 -0.532098 -1.9524
 -0.5351089999999999 -1.1924
 -0.558248 -0.2924
 -0.548289 0.0116
 -0.5042489999999999 -0.2044
 -0.502385 -0.4844
 -0.514287 -0.4564
 -0.512864 -0.1604
 -0.467658 0.08359999999999999
 -0.545327 0.2036
 -0.464845 0.2276
 -0.483257 0.2756
 -0.514141 0.3836
 -0.536588 0.4916
 -0.531577 0.5876
 -0.5155690000000001 0.6356000000000001
 -0.5097120000000001 0.6476
 -0.504228 0.6676
 -0.498731 0.7356
 -0.496786 0.8236
 -0.495776 0.8996
 -0.501354 0.9076
 -0.476848 0.8956
 -0.477039 0.9196
 -0.474312 1.0436
 -0.458977 1.1796
 -0.472604 1.2316
 -0.475428 1.1996
 -0.456208 1.1596
 -0.430611 1.0636
 -0.425819 1.0196
 -0.4113 0.8875999999999999
 -0.385295 0.8076
 -0.39192 0.7956
 -0.363981 0.8596
 -0.393525 0.9996
 -0.424676 1.1236
 -0.424863 1.1836
 -0.397575 1.0716
 -0.368233 0.8116
 -0.368261 0.6276
 -0.36185 0.6756
 -0.351158 0.8236
 -0.357256 0.8956
 -0.351526 0.6916
 -0.34606 0.5516
 -0.341736 0.4956
 -0.347601 0.5476
 -0.350644 0.6036
 -0.342239 0.4156
 -0.351584 0.0596
 -0.345817 -0.2004
 -0.347563 -0.2284
 -0.353305 -0.0124
 -0.341809 0.1396
 -0.322587 0.1156
 -0.341725 -0.0804
 -0.321307 -0.3244
 -0.356718 -0.4564
 -0.385241 -0.5124
 -0.347456 -0.5124
 -0.341881 -0.5924
 -0.330729 -0.6284
 -0.330363 -0.6284
 -0.304853 -0.7884
 -0.30264 -1.0684
 -0.307874 -1.2684
 -0.264979 -1.4524
 -0.355601 -1.3404
 -0.280709 -0.9244
 -0.354421 -0.6004
 -0.380819 -0.5884
 -0.321245 -1.0044
 -0.419726 -1.3444
 -0.42385 -1.5284
 -0.38001 -1.3724
 -0.452488 -1.2684
 -0.521295 -1.2364
 -0.456552 -1.3084
 -0.451991 -1.4004
 -0.460419 -1.3084
 -0.480803 -1.2164
 -0.53167 -1.1404
 -0.524477 -1.2404
 -0.521513 -1.2724
 -0.494127 -1.3084
 -0.552107 -1.2444
 -0.594805 -1.1004
 -0.57365 -0.9484
 -0.555134 -1.0404
 -0.552339 -1.3444
 -0.580117 -1.6964
 -0.582047 -1.9004
 -0.583856 -1.9404
 -0.582974 -1.6884
 -0.59085 -1.3764
 -0.607934 -1.4324
 -0.583676 -1.4004
 -0.612448 -1.5724
 -0.63791 -1.7924
 -0.64273 -1.8284
 -0.637217 -1.8604
 -0.654622 -1.4404
 -0.655762 -1.1524
 -0.65871 -1.2404
 -0.671912 -1.8484
 -0.692276 -2.0764
 -0.698524 -1.8684
 -0.6957410000000001 -1.2644
 -0.742363 -0.9844000000000001
 -0.751563 -1.1204
 -0.771931 -1.5684
 -0.752414 -1.8564
 -0.781839 -1.6084
 -0.79448 -1.1964
 -0.7949000000000001 -1.0604
 -0.811316 -1.1404
 -0.790944 -1.2324
 -0.801213 -1.0964
 -0.77589 -0.9084
 -0.783795 -0.8164
 -0.743078 -0.8844
 -0.784137 -1.0484
 -0.799336 -1.0444
 -0.801257 -0.8564000000000001
 -0.801238 -0.4764
 -0.793391 -0.2364
 -0.761223 -0.1324
 -0.794522 -0.1204
 -0.78454 -0.1924
 -0.7693990000000001 -0.2604
 -0.776827 -0.2044
 -0.759304 -0.08840000000000001
 -0.794701 0.0516
 -0.856213 0.1836
 -0.841799 0.1836
 -0.842518 0.2996
 -0.855768 0.3876
 -0.867707 0.4516
 -0.8559639999999999 0.5196
 -0.828149 0.6796
 -0.840917 0.8236
 -0.832362 0.8956
 -0.805975 0.9196
 -0.793208 0.9996
 -0.77774 1.1236
 -0.783392 1.2756
 -0.805063 1.2716
 -0.794914 1.3076
 -0.753077 1.2916
 -0.747014 1.2996
 -0.731488 1.2796
 -0.781211 1.1636
 -0.726845 1.2796
 -0.715019 1.5036
 -0.694865 1.7276
 -0.633873 1.7276
 -0.663917 1.5036
 -0.706351 1.2436
 -0.614735 1.0996
 -0.590672 1.0756
 -0.644663 1.0676
 -0.629978 1.0116
 -0.653077 0.9316
 -0.626202 0.9196
 -0.6205540000000001 0.9676
 -0.613001 0.9316
 -0.617219 0.8276
 -0.578676 0.7076
 -0.577529 0.5676
 -0.604487 0.5396
 -0.603642 0.5676
 -0.617011 0.5476
 -0.611524 0.4956
 -0.6088 0.4516
 -0.600586 0.3716
 -0.589482 0.2716
 -0.577473 0.1476
 -0.590728 0.0476
 -0.593075 -0.0404
 -0.580555 -0.08840000000000001
 -0.5405 -0.1284
 -0.503044 -0.1684
 -0.530575 -0.2644
 -0.606619 -0.3404
 -0.612764 -0.4404
 -0.5433249999999999 -0.5004
 -0.504935 -0.6284
 -0.495906 -0.7724
 -0.478333 -0.8964
 -0.486765 -0.9684
 -0.485072 -0.9844000000000001
 -0.415161 -1.1084
 -0.498982 -1.2124
 -0.630327 -1.3724
 -0.635899 -1.6084
 -0.70123 -1.6644
 -0.7046829999999999 -1.5084
 -0.71469 -1.4484
 -0.688815 -1.5524
 -0.643306 -1.6044
 -0.763334 -1.5604
 -0.829331 -1.6044
 -0.851512 -1.7524
 -0.795833 -1.8044
 -0.762416 -1.6004
 -0.804248 -1.3804
 -0.812339 -1.3804
 -0.848997 -1.3524
 -0.842345 -1.4604
 -0.840127 -1.8124
 -0.846202 -1.5964
 -0.846639 -0.9764
 -0.852284 -0.6964
 -0.8531570000000001 -0.8804
 -0.851498 -1.5004
 -0.848229 -1.8844
 -0.855654 -1.9684
 -0.86416 -1.6964
 -0.867666 -1.2884
 -0.858198 -0.8484
 -0.90086 -0.7724
 -0.907079 -0.9804
 -0.85042 -1.2964
 -0.892312 -1.4924
 -0.870677 -1.4884
 -0.908509 -1.2324
 -1.015641 -1.1004
 -0.922502 -0.9923999999999999
 -0.860502 -0.9244
 -0.861693 -1.0564
 -0.851346 -1.4644
 -0.87033 -1.4724
 -0.840109 -1.0764
 -0.921836 -0.6404
 -0.960611 -0.2364
 -0.861438 -0.4924
 -0.897129 -0.9484
 -0.907266 -1.1204
 -0.948867 -0.7924
 -1.007185 -0.2484
 -0.975581 -0.0124
 -0.98285 -0.1124
 -1.000633 -0.3124
 -1.031218 -0.4044
 -1.030848 -0.2324
 -0.957577 0.0036
 -0.981742 0.1876
 -0.993455 0.3476
 -1.017759 0.4276
 -1.013895 0.4436
 -1.011248 0.5196
 -1.016277 0.6435999999999999
 -1.012836 0.7596000000000001
 -1.017874 0.8556
 -0.977288 0.9716
 -0.937729 1.1076
 -0.914979 1.2076
 -0.87141 1.2516
 -0.851999 1.2316
 -0.831227 1.1196
 -0.845305 1.1716
 -0.844309 1.3156
 -0.879935 1.6196
 -0.83216 1.7556
 -0.780438 1.6316
 -0.826805 1.3556
 -0.8048650000000001 1.2396
 -0.778112 1.4516
 -0.787169 1.5956
 -0.793319 1.5796
 -0.761379 1.2436
 -0.803274 0.9036
 -0.79876 0.8596
 -0.803192 1.0516
 -0.748432 1.2476
 -0.798143 1.2756
 -0.770004 1.0916
 -0.78805 0.8396
 -0.78805 0.8396
 -0.768016 0.7516
 -0.751196 0.7796
 -0.7981819999999999 0.8636
 -0.843523 0.9756
 -0.81371 0.9596
 -0.782458 0.8875999999999999
 -0.776721 0.7756
 -0.769401 0.6996
 -0.752193 0.6916
 -0.758568 0.7036
 -0.730021 0.6916
 -0.786924 0.6196
 -0.807125 0.4996
 -0.749497 0.3596
 -0.748811 0.2796
 -0.764272 0.2196
 -0.756151 0.1476
 -0.715242 0.0756
 -0.704613 0.0196
 -0.704677 -0.0204
 -0.702532 -0.1284
 -0.708331 -0.2204
 -0.708708 -0.3484
 -0.707918 -0.4924
 -0.736135 -0.6644
 -0.734376 -0.8044
 -0.697398 -0.9044
 -0.712351 -0.9404
 -0.751734 -1.0204
 -0.761859 -1.1684
 -0.74674 -1.3124
 -0.797449 -1.4604
 -0.829665 -1.6044
 -0.8273200000000001 -1.5964
 -0.792041 -1.5884
 -0.840023 -1.5764
 -0.850832 -1.5884
 -0.833909 -1.6884
 -0.820496 -1.7844
 -0.841638 -1.8284
 -0.841754 -1.6524
 -1.084104 -1.3404
 -1.302998 -1.1804
 -1.102992 -1.3324
 -1.007572 -1.6284
 -1.014402 -1.7484
 -1.093154 -1.5924
 -1.038496 -1.2044
 -0.975345 -1.2684
 -1.008402 -1.3564
 -1.077773 -1.4044
 -1.028311 -1.3684
 -1.13183 -1.3644
 -1.032926 -1.4084
 -1.09589 -1.2964
 -1.106324 -1.2564
 -1.022483 -1.2324
 -0.984271 -1.1684
 -0.816113 -1.0804
 -0.9033949999999999 -1.0044
 -0.988443 -1.1084
 -0.867624 -0.9844000000000001
 -0.844405 -0.8764
 -0.972835 -0.4084
 -1.011797 -0.08840000000000001
 -0.953775 -0.1924
 -0.957382 -0.6244
 -0.906284 -0.9444
 -0.914894 -0.7684
 -0.846539 -0.5004
 -0.984694 -0.2204
 -0.993184 -0.2204
 -0.975793 -0.1964
 -0.967601 -0.4044
 -0.931764 -0.5884
 -0.930534 -0.6404
 -0.930997 -0.5084
 -0.933073 -0.3124
 -0.958436 -0.1524
 -0.976322 -0.0644
 -0.936537 -0.0284
 -0.916624 -0.1044
 -0.944154 -0.2044
 -0.913855 -0.2084
 -0.973706 -0.1004
 -1.057943 0.0436
 -1.068075 0.1156
 -1.055983 0.0916
 -1.064327 0.0436
 -1.042277 0.0356
 -1.064092 0.06759999999999999
 -1.056828 0.1676
 -1.035443 0.2636
 -0.999089 0.3516
 -0.977441 0.4396
 -0.935728 0.4996
 -0.938121 0.5836
 -0.917069 0.7716
 -0.901997 0.9356
 -0.924238 1.1316
 -0.95096 1.1116
 -0.95203 0.9396
 -0.969628 0.8796
 -0.9804890000000001 0.9316
 -0.976186 1.0316
 -0.9615899999999999 1.1476
 -0.949376 1.2476
 -0.932306 1.2316
 -0.888798 1.0236
 -0.9346950000000001 0.9836
 -0.960722 0.9876
 -0.934303 1.3156
 -0.947098 1.5956
 -0.963998 1.6236
 -0.94073 1.3716
 -0.927807 1.0396
 -0.943737 1.1156
 -0.923261 1.4956
 -0.90533 1.8036
 -0.875009 1.6796
 -0.882146 1.4396
 -0.905779 1.1156
 -0.863141 1.0996
 -0.862201 1.3156
 -0.879654 1.3076
 -0.9067 1.1556
 -0.9001440000000001 0.9196
 -0.874874 0.7916
 -0.906367 0.7316
 -0.92286 0.7076
 -0.898369 0.6036
 -0.932465 0.3916
 -0.9051670000000001 0.2316
 -0.930663 0.09959999999999999
 -0.987691 0.0756
 -1.019715 0.06759999999999999
 -0.904832 -0.0004
 -0.839797 -0.1044
 -0.864029 -0.2484
 -0.853594 -0.4004
 -0.829654 -0.5564
 -0.863843 -0.7524
 -0.878726 -0.9524
 -0.885336 -0.9524
 -0.8565469999999999 -1.0404
 -0.9179619999999999 -1.0604
 -0.867961 -1.0924
 -0.910724 -1.2564
 -0.923102 -1.3804
 -0.860878 -1.2364
 -0.987343 -1.1324
 -0.980957 -1.4204
 -0.944591 -1.6084
 -0.946835 -1.6884
 -0.959511 -1.4924
 -1.028457 -1.3684
 -1.011989 -1.3884
 -1.061077 -1.4004
 -1.044736 -1.5044
 -1.040354 -1.5204
 -1.065211 -1.5164
 -0.903451 -1.3644
 -1.351896 -1.1044
 -1.245077 -1.3884
 -1.238641 -1.7644
 -1.148976 -1.9764
 -1.149569 -1.8044
 -1.074653 -1.3484
 -1.056277 -0.9923999999999999
 -1.075109 -0.7204
 -1.092947 -0.7244
 -1.132724 -0.8084
 -1.018976 -0.9044
 -1.081392 -0.8524
 -0.975106 -0.9324
 -1.092924 -0.9044
 -1.069051 -0.9644
 -1.045434 -0.9923999999999999
 -1.003182 -0.9004
 0.385632 -0.6044
 0.268237 -0.4484
 -0.975173 -0.4044
 -0.938777 -0.7244
 -1.02592 -1.1204
 -1.018032 -1.2124
 -1.073375 -0.9284
 -1.040329 -0.5084
 -1.079522 -0.1124
 -1.012553 -0.07240000000000001
 -1.074706 -0.4124
 -0.987305 -0.7724
 -1.068198 -0.9883999999999999
 -1.128457 -1.0204
 -1.101514 -0.8004
 -1.127118 -0.4004
 -1.079565 -0.2684
 -1.052541 -0.2284
 -1.068343 -0.3084
 -1.069365 -0.3444
 -1.100332 -0.3644
 -1.040918 -0.4524
 -1.063544 -0.4724
 -1.078803 -0.3284
 -1.084912 -0.1004
 -1.095198 0.0116
 -1.141107 -0.0444
 -1.126879 -0.1804
 -1.122657 -0.2524
 -1.131474 -0.2364
 -1.109265 -0.1284
 -1.073348 -0.0404
 -1.060564 -0.0284
 -1.039675 -0.0324
 -1.030613 -0.0684
 -1.037681 -0.0764
 -1.037681 -0.0764
 -1.04502 -0.0204
 -1.149271 0.0156
 -1.147567 0.0236
 -1.151385 0.0316
 -1.152285 0.0476
 -1.160175 0.0596
 -1.16693 0.06759999999999999
 -1.160099 0.1276
 -1.169648 0.2396
 -1.151805 0.2276
 -1.117876 0.1356
 -1.103188 0.1276
 -1.102809 0.3196
 -1.095961 0.4436
 -1.112289 0.5036
 -1.103088 0.4156
 -1.098719 0.2836
 -1.08708 0.3276
 -1.072064 0.4756
 -1.063014 0.7156
 -1.099793 0.8236
 -1.099327 0.8396
 -1.068802 0.7116
 -1.080557 0.5996
 -1.072556 0.5796
 -1.070073 0.7596000000000001
 -1.083958 0.9436
 -1.078873 1.0476
 -1.070629 0.9516
 -1.098031 0.8276
 -1.061722 0.7036
 -1.045652 0.7396
 -1.076069 0.7876
 -1.024254 0.9116
 -0.9902609999999999 0.9676
 -1.007783 1.0356
 -0.992026 0.9956
 -1.025486 0.9116
 -1.091054 0.9596
 -1.013395 1.0876
 -1.044084 1.1996
 -1.038252 1.1956
 -0.989854 1.1196
 -0.9645820000000001 1.0716
 -0.971896 1.0636
 -1.010241 1.2116
 -0.967614 1.2796
 -1.030563 1.2396
 -0.959854 1.1636
 -0.987487 1.2636
 -0.9767940000000001 1.3276
 -0.95687 1.3116
 -0.909724 1.1036
 -0.941354 0.9836
 -0.929461 1.0116
 -0.898048 1.1796
 -0.920256 1.2796
 -0.891635 1.3316
 -0.8631450000000001 1.1716
 -0.8200769999999999 1.0916
 -0.853711 1.1116
 -0.841388 1.0036
 -0.826804 0.9476
 -0.797507 1.1836
 -0.798481 1.5636
 -0.808798 1.4596
 -0.8185249999999999 1.2796
 -0.80098 1.2916
 -0.740875 1.4396
 -0.852068 1.5476
 -0.846284 1.3196
 -0.8464660000000001 1.3196
 -0.8379 1.0316
 -0.830792 1.0556
 -0.770827 1.2476
 -0.693628 1.4956
 -0.712932 1.4436
 -0.740752 1.3036
 -0.725239 1.2676
 -0.629627 1.3196
 -0.77029 1.3836
 -0.712491 1.4156
 -0.748567 1.3156
 -0.765445 1.1676
 -0.640468 1.0436
 -0.670679 1.2676
 -0.704471 1.5156
 -0.63058 1.5996
 -0.671495 1.5556
 -0.731845 1.3036
 -0.719905 1.1156
 -0.702322 1.1196
 -0.6846989999999999 1.2636
 -0.637553 1.5676
 -0.617079 1.7636
 -0.709049 1.6796
 -0.6552829999999999 1.3316
 -0.676998 1.1876
 -0.691061 1.1396
 -0.647612 1.2036
 -0.630924 1.3676
 -0.6189249999999999 1.4156
 -0.606046 1.4396
 -0.604504 1.4996
 -0.603071 1.3796
 -0.589094 1.2156
 -0.570576 1.0596
 -0.596074 1.1516
 -0.550283 1.3716
 -0.5878060000000001 1.7236
 -0.634287 1.7996
 -0.595144 1.6716
 -0.515378 1.3196
 -0.475443 1.2396
 -0.503798 1.3396
 -0.538822 1.5636
 -0.646645 1.7516
 -0.5448539999999999 1.9516
 -0.521454 2.0396
 -0.588904 1.9796
 -0.62762 1.3876
 -0.470719 0.9836
 -0.47405 0.7796
 -0.550517 1.1316
 -0.530668 1.7716
 -0.524632 2.0676
 -0.458069 1.8956
 -0.429592 1.5676
 -0.433813 1.3516
 -0.457748 1.2796
 -0.477381 1.5556
 -0.395506 1.9996
 -0.353043 1.9796
 -0.38525 1.7556
 -0.363285 1.4596
 -0.353895 1.3796
 -0.324852 1.5156
 -0.369019 1.6396
 -0.329229 1.4756
 -0.29191 1.1796
 -0.335362 1.0036
 -0.314482 1.0356
 -0.333305 1.1556
 -0.322835 1.1556
 -0.311269 1.2756
 -0.2321 1.3076
 -0.261127 1.1716
 -0.304642 1.1516
 -0.304607 0.9436
 -0.257199 0.7476
 -0.191265 0.7436
 -0.233223 0.8156
 -0.22373 0.8436
 -0.229534 0.7675999999999999
 -0.165488 0.6596
 -0.225599 0.5636
 -0.182041 0.5556
 -0.15762 0.6476
 -0.126674 0.7756
 -0.19443 0.8796
 -0.131484 0.8556
 -0.09815 0.8116
 -0.074189 0.7276
 -0.097387 0.6316000000000001
 -0.212405 0.6036
 -0.158227 0.5876
 -0.228166 0.5316
 -0.127945 0.4996
 -0.147143 0.5276
 -0.191956 0.6516
 -0.208332 0.6196
 -0.242149 0.5396
 -0.045163 0.4316
 -0.220818 0.3916
 -0.15662 0.3756
 -0.225515 0.3636
 -0.185833 0.3036
 -0.1639 0.3516
 -0.220121 0.3836
 -0.245171 0.3876
 -0.163355 0.2756
 -0.1104 0.1796
 -0.16978 0.1756
 -0.198747 0.2316
 -0.126538 0.2396
 -0.119326 0.1756
 -0.098443 0.1956
 -0.06623800000000001 0.2796
 -0.173046 0.3996
 -0.119145 0.4716
 -0.133273 0.4036
 -0.106884 0.3116
 -0.141075 0.2516
 -0.166755 0.2196
 -0.116671 0.2876
 -0.083716 0.4276
 -0.063682 0.5196
 -0.088506 0.6276
 -0.04951 0.5596
 -0.015837 0.5155999999999999
 -0.012129 0.4556
 -0.057115 0.5196
 -0.1526 0.7036
 -0.033374 0.7675999999999999
 -0.00493 0.6476
 -0.074257 0.5596
 -0.135039 0.4556
 -0.066665 0.4476
 -0.108796 0.4476
 -0.127986 0.5116000000000001
 -0.114948 0.5636
 -0.086488 0.4996
 -0.119934 0.3876
 -0.152429 0.2796
 -0.132496 0.2676
 -0.133188 0.2676
 -0.095223 0.2956
 -0.09648 0.3276
 -0.143806 0.3076
 -0.08722199999999999 0.1996
 -0.130771 0.1556
 -0.089978 0.0596
 -0.108455 -0.0484
 -0.12277 -0.0564
 -0.115377 -0.0044
 -0.143628 0.1036
 -0.114159 0.1156
 -0.068926 0.09959999999999999
 -0.064759 -0.0124
 -0.058665 -0.0684
 -0.044973 -0.0444
 -0.043515 0.0196
 -0.010027 0.0556
 0.00189 0.0756
 0.012006 0.1156
 -0.048581 0.1476
 -0.017919 0.1596
 -0.030362 0.1556
 -0.030283 0.1916
 -0.009965 0.2196
 -0.01005 0.2956
 -0.016778 0.3476
 -0.016873 0.2756
 -0.005533 0.2396
 -0.064274 0.3036
 -0.03378 0.2716
 -0.05303 0.1996
 -0.057882 0.1116
 -0.039175 0.0036
 -0.071988 0.1276
 -0.016181 0.2156
 -0.089755 0.3156
 -0.08076999999999999 0.2716
 -0.09876699999999999 0.1596
 -0.116993 0.0596
 -0.087911 0.0116
 -0.056522 0.0116
 -0.059724 -0.0044
 -0.059315 -0.0004
 -0.03299 0.0036
 -0.037666 -0.0284
 -0.041547 -0.1324
 -0.035991 -0.1284
 -0.01513 -0.3684
 -0.032334 -0.3684
 -0.031723 -0.1684
 -0.032334 0.1356
 -0.023663 0.4156
 -0.036394 0.3756
 -0.023238 0.09959999999999999
 -0.032631 -0.1884
 -0.019874 -0.2204
 -0.028158 -0.1284
 -0.03988 0.0356
 -0.041731 0.1156
 -0.051647 0.0636
 -0.028044 0.0316
 -0.023131 -0.0124
 -0.023524 -0.0284
 -0.02793 -0.0124
 -0.047574 -0.0204
 -0.040139 -0.0204
 -0.040285 0.0036
 -0.032512 0.0196
 -0.027966 0.0356
 -0.024047 0.06759999999999999
 -0.031802 -0.0044
 -0.03628 -0.0004
 -0.03667 -0.0004
 -0.037466 0.0636
 -0.031624 0.0796
 -0.050926 0.0396
 -0.023419 -0.0444
 -0.031513 -0.0404
 -0.029958 -0.0244
 -0.042452 0.0196
 -0.036149 0.0116
 -0.019146 0.0236
 -0.039452 -0.0004
 -0.031785 -0.0284
 -0.023639 -0.0044
 -0.031971 -0.0164
 -0.036818 -0.0004
 -0.051769 0.0196
 -0.042408 0.0076
 -0.036624 -0.0044
 -0.0399 0.0156
 -0.027044 0.0356
 -0.023716 0.0516
 -0.028151 0.0156
 -0.049175 -0.0244
 -0.046385 -0.0404
 -0.038329 -0.0324
 -0.042661 -0.0564
 -0.051106 -0.1044
 -0.038629 -0.0564
 -0.015218 0.0316
 -0.027853 0.1076
 -0.04041 0.1236
 -0.027623 0.0316
 -1.388936 -0.0484
 -0.035047 -0.0684
 -0.038444 -0.0404
 -0.038574 -0.0004
 -0.03472 0.0156
 -0.037235 0.0276
 -0.040419 0.0116
 -0.035817 0.0076
 -0.02771 -0.008399999999999999
 -0.014904 -0.0204
 -0.023401 0.0116
 -0.042721 0.0116
 -0.034585 0.0116
 -0.030131 0.0316
 -0.028113 0.0076
 -0.032369 0.0196
 -0.032512 0.0076
 -0.027921 -0.0044
 -0.032211 0.0116
 -0.032183 -0.0044
 -0.023616 -0.0004
 -0.036406 0.0116
 -0.034132 0.0116
 -0.03459 0.0076
 -0.051201 -0.0044
 -0.034642 -0.008399999999999999
 -0.037749 -0.0044
 -0.036004 -0.008399999999999999
 -0.014848 -0.008399999999999999
 -0.015233 0.0116
 -0.027937 -0.0124
 -0.041041 -0.0044
 -0.023319 -0.0044
 -0.023707 -0.0044
 -0.051911 0.0196
 -0.039002 -0.0044
 -0.041327 -0.0044
 -0.023981 0.0196
 -0.032479 -0.0004
 -0.032479 -0.0004
 -0.040957 -0.0044
 -0.036124 -0.0164
 -0.03876 -0.0044
 -0.038913 -0.0004
 -0.055912 0.0076
 -0.025471 -0.008399999999999999
 -0.038347 0.0036
 -0.040292 0.0116
 -0.040979 -0.008399999999999999
 -0.028339 -0.0204
 -0.028282 0.0156
 -0.050926 -0.0044
 -0.043506 0.0036
 -0.021689 0.0076
 -0.047764 -0.0044
 -0.047915 -0.0004
 -0.046688 -0.0044
 -0.025591 -0.0044
 -0.015089 -0.0124
 -0.028253 0.0116
 -0.028449 -0.0124
 -0.019158 -0.0124
 -0.034013 0.0036
 -0.027966 0.0276
 -0.019183 0.0076
 -0.038761 -0.0044
 -0.042776 -0.0164
 -0.038393 0.0116
 -0.042586 0.0196
 -0.014742 -0.0004
 -0.006466 -0.008399999999999999
 -0.032325 0.0076
 -0.050886 0.0156
 -0.043151 0.0116
 -0.02981 -0.0284
 -0.038159 -0.008399999999999999
 -0.047983 -0.008399999999999999
 -0.055167 -0.0044
 -0.051402 0.0156
 -0.043163 0.0156
 -0.040045 0.0196
 -0.019334 0.0156
 -0.002134 0.0196
 -0.033898 0.0076
 -0.046107 -0.008399999999999999
 -0.055253 -0.0124
 -0.042884 -0.0404
 -0.027951 -0.0324
 -0.023871 0.0116
 -0.023337 0.0076
 -0.02396 0.0316
 -0.038393 0.0156
 -0.047102 -0.0404
 -0.027601 -0.0244
 -0.029695 0.0116
 -0.052352 -0.0004
 -0.038503 0.0116
 -0.046757 -0.0364
 -0.027784 -0.0324
 -0.032675 -0.0004
 -0.028245 0.0196
 -0.015111 0.0276
 -0.03036 0.0196
 -0.049565 0.0036
 -0.054057 -0.008399999999999999
 -0.053402 0.0156
 -0.040526 -0.008399999999999999
 -0.034065 -0.0004
 -0.038829 -0.0124
 -0.028198 -0.0124
 -0.028113 -0.0004
 -0.038884 -0.0004
 -0.029624 -0.0124
 -0.043147 -0.008399999999999999
 -0.04886 0.0276
 -0.0408 0.0156
 -0.042656 0.0396
 -0.046466 0.0236
 -0.032479 -0.0164
 -0.015267 0.0516
 -0.035991 0.0876
 -0.027441 0.0636
 -0.037944 -0.0364
 -0.041246 -0.1284
 -0.054165 -0.1124
 -0.040442 0.0076
 -0.04012 0.0716
 -0.048973 0.0796
 -0.049243 0.0156
 -0.027837 -0.0524
 -0.027524 -0.0324
 -0.044896 -0.0124
 -0.050065 0.0316
 -0.043629 0.0276
 -0.061974 -0.0044
 -0.044551 -0.0124
 -0.032369 -0.0204
 -0.052705 -0.0364
 -0.03168 -0.0004
 -0.015143 -0.0004
 -0.027462 0.0276
 -0.019057 0.0236
 -0.060748 0.0076
 -0.02587 -0.008399999999999999
 -0.038525 -0.0044
 -0.044516 0.0156
 -0.048752 0.0036
 -0.048308 0.0116
 -0.035976 0.0156
 -0.033568 0.0196
 -0.03428 -0.008399999999999999
 -0.03839 0.0116
 -0.038317 0.0036
 -0.034126 0.0156
 -0.040491 -0.008399999999999999
 -0.027416 0.0036
 -0.044819 0.0276
 -0.053662 -0.0044
 -0.044609 -0.0004
 -0.036209 0.0076
 -0.020984 0.0276
 -0.029607 0.0316
 -0.048723 -0.008399999999999999
 -0.032443 -0.0044
 -0.027821 -0.0164
 -0.036022 -0.0324
 -0.031836 2.9236
 -0.039997 0.7276
 -0.019022 -2.4004
 -0.038501 -5.0484
 -0.042008 -4.256401
 -0.039541 -0.3604
 -0.056811 3.2396
 -0.044378 3.7076
 -0.032018 1.4436
 -0.032018 -1.0404
 -0.036426 -1.9164
 -0.031599 -1.1844
 -0.044609 0.06759999999999999
 -0.036096 0.7876
 -0.040145 0.6435999999999999
 -0.036395 0.1796
 -0.032 -0.1844
 -0.032 -0.1844
 -0.027541 -0.2604
 -0.02317 -0.2124
 -0.023644 -0.1164
 -0.01728 0.0116
 -0.00842 0.1676
 -0.040385 0.2396
 -0.035881 0.1636
 -0.023264 0.0076
 -0.031797 -0.0644
 -0.031953 -0.1084
 -0.027309 -0.0204
 -0.043491 0.0196
 -0.037902 0.0476
 -0.042536 0.0116
 -0.036346 -0.0004
 -0.019046 0.0036
 -0.027725 -0.0204
 -0.044879 -0.0164
 -0.031891 -0.0124
 -0.03601 0.0116
 -0.01912 -0.0124
 -0.040504 0.0156
 -0.027541 0.0036
 -0.018983 0.0276
 -0.014865 0.0316
 -0.036201 0.0196
 -0.027204 0.0036
 -0.008378 0.0396
 -0.004146 0.0196
 -0.033844 0.0196
 -0.051698 -0.0004
 -0.046932 -0.0244
 -0.029489 -0.0524
 -0.042347 -0.0444
 -0.042561 -0.0564
 -0.029862 -0.0524
 -0.044375 -0.0924
 -0.027688 -0.2044
 -0.037868 -0.1564
 -0.02111 -0.0124
 -0.033983 0.1236
 -0.033844 0.0756
 -0.033553 0.0236
 -0.042158 -0.008399999999999999
 -0.020862 0.0236
 -0.027688 0.0556
 -0.027924 0.0276
 -0.023539 -0.0404
 -0.040044 -0.0284
 -0.023297 -0.0284
 -0.051154 0.0076
 -0.038482 0.0236
 -0.017268 0.0356
 -0.025663 0.0116
 -0.048867 -0.0164
 -0.048618 -0.0244
 -0.036237 0.0036
 -0.019059 0.0036
 -0.05739 0.0116
 -0.031929 0.0116
 -0.029671 -0.0044
 -0.042536 -0.0004
 -0.033689 0.0036
 -0.029811 0.0316
 -0.034083 0.0036
 -0.014806 0.0156
 -0.023691 0.0276
 1.9e-05 -0.0004
 0.004249 0.0116
 -0.006282 0.0276
 -0.019148 0.0036
 -0.029811 0.0036
 -0.034118 0.0036
 -0.029619 0.0036
 -0.014471 0.0156
 -0.01053 -0.008399999999999999
 -0.034131 0.0036
 -0.038429 -0.0004
 -0.033727 0.0116
 -0.038456 0.0156
 -0.029862 -0.0004
 -0.008288999999999999 0.0276
 -0.034118 0.0116
 -0.033692 -0.0044
 -0.037695 0.0076
 0.001985 -0.0204
 -0.014614 -0.0164
 -0.004114 -0.0044
 -0.0127 0.0196
 -0.030248 0.0276
 -0.016911 0.0276
 -0.04186 -0.0124
 -0.021191 0.0116
 -0.029811 0.0116
 -0.040281 -0.0004
 -0.052827 0.0036
 -0.035942 -0.008399999999999999
 -0.040264 0.0036
 -0.039432 -0.0164
 -0.044185 -0.008399999999999999
 -0.025089 -0.0124
 -0.031992 -0.0044
 -0.036038 0.0036
 -0.044396 -0.008399999999999999
 -0.039765 0.0076
 -0.031568 -0.008399999999999999
 -0.035889 -0.0164
 -0.033983 -0.008399999999999999
 -0.021304 0.0076
 -0.02133 -0.0204
 -0.025478 -0.0164
 -0.021143 -0.0044
 -0.029993 -0.0124
